-13696,-12784,-11484,-15156,-32768,-32768,-12288,2700,-10524,-8292,-8248,-12172,-14336,-8700,-7000,-18716,-32768,-32768,2316,1644,-7820,-32768,-24336,-7548,-14016,-13984,-14764,-16400,-10680,-7148,-6200,-11336
-32768,2316,1644,-7820,-32768,-24336,-7548,-14016,-13984,-14764,-16400,-10680,-7148,-6200,-11336,-8872,-2440,-18444,-31652,-32768,-5136,4128,-64,-32768,-27048,-9988,-12792,-14416,-12280,-7352,-8240,-6304
-8872,-2440,-18444,-31652,-32768,-5136,4128,-64,-32768,-27048,-9988,-12792,-14416,-12280,-7352,-8240,-6304,-16756,-5640,-9004,-10040,876,-32768,-32768,-10288,9880,-4388,-27208,-32768,-11980,-12636,-9360
-16756,-5640,-9004,-10040,876,-32768,-32768,-10288,9880,-4388,-27208,-32768,-11980,-12636,-9360,-8700,-10488,-10460,-6784,-29208,-12212,-12312,-8576,-9752,-8924,-10068,-9868,-14184,-14328,-10496,-9924,-11176
-8700,-10488,-10460,-6784,-29208,-12212,-12312,-8576,-9752,-8924,-10068,-9868,-14184,-14328,-10496,-9924,-11176,-14724,-28176,-32768,-25636,4916,-7136,-17080,-15924,-11696,-10900,-9684,-19480,-32768,-31668,3168
-14724,-28176,-32768,-25636,4916,-7136,-17080,-15924,-11696,-10900,-9684,-19480,-32768,-31668,3168,4084,-19824,-32768,-14044,-6864,-16624,-12224,-14584,-9180,-7248,-10716,-13716,-12560,-11076,-7876,-16272,-32768
4084,-19824,-32768,-14044,-6864,-16624,-12224,-14584,-9180,-7248,-10716,-13716,-12560,-11076,-7876,-16272,-32768,-32768,-15264,7740,420,-25948,-15716,-21612,-16968,-11596,-7636,-7252,-7420,-8200,-9604,-12032 
-11900,-11328,-13328,-11008,-7016,-10596,-20256,-17052,-24184,-22076,-32768,-32768,664,25624,3768,6348,-12028,-10688,-14348,-10496,-10260,-10984,-21860,-15280,-13360,-12732,-6760,-11460,-13580,-23460,-32768,-27816
-10688,-14348,-10496,-10260,-10984,-21860,-15280,-13360,-12732,-6760,-11460,-13580,-23460,-32768,-27816,20888,13676,4264,5948,-13200,-12952,-16188,-15288,-11020,-17872,-18032,-15928,-14532,-11896,-9704,-9916,-13236
20888,13676,4264,5948,-13200,-12952,-16188,-15288,-11020,-17872,-18032,-15928,-14532,-11896,-9704,-9916,-13236,-17848,-20932,-32768,-32,26696,756,5260,3932,-17736,-21768,-17940,-18208,-16788,-12924,-18688
-17848,-20932,-32768,-32,26696,756,5260,3932,-17736,-21768,-17940,-18208,-16788,-12924,-18688,-15308,-14912,-13568,-11536,-13460,-5980,-13260,-21304,-32768,-32768,29732,3540,16968,2896,3680,-4792,-13436
-15308,-14912,-13568,-11536,-13460,-5980,-13260,-21304,-32768,-32768,29732,3540,16968,2896,3680,-4792,-13436,-13760,-16576,-13292,-15640,-15872,-15128,-12536,-17680,-14760,-16596,-21796,-24108,-30292,-32768,26232
-13760,-16576,-13292,-15640,-15872,-15128,-12536,-17680,-14760,-16596,-21796,-24108,-30292,-32768,26232,22880,1212,4472,-332,-11408,-18680,-18980,-13932,-15212,-18304,-17004,-16824,-14340,-9340,-17348,-20208,-23076
22880,1212,4472,-332,-11408,-18680,-18980,-13932,-15212,-18304,-17004,-16824,-14340,-9340,-17348,-20208,-23076,2268,1268,-8752,-19472,-19852,-17748,-19240,-17280,-16736,-13832,-14304,-16948,-20164,-17196,-20688 
-15404,-14700,-11992,-12744,-18108,-19020,-10168,2528,296,-20356,-108,15764,16468,2408,4048,-15484,-26084,-18388,-14896,-12740,-17640,-8348,-13152,-16020,-2216,-1152,-28032,-32768,32767,9008,5508,3728
-18388,-14896,-12740,-17640,-8348,-13152,-16020,-2216,-1152,-28032,-32768,32767,9008,5508,3728,2292,-9684,-12980,-15016,-14536,-12564,-15548,-14384,-9864,-12752,-17188,-16752,-12732,-10484,-23000,-32768,32767
2292,-9684,-12980,-15016,-14536,-12564,-15548,-14384,-9864,-12752,-17188,-16752,-12732,-10484,-23000,-32768,32767,8788,3772,-144,-4280,-11276,-15324,-13956,-14496,-13244,-15700,-14748,-14152,-22720,-11088,-9900
8788,3772,-144,-4280,-11276,-15324,-13956,-14496,-13244,-15700,-14748,-14152,-22720,-11088,-9900,-10836,-19584,-30108,31928,-188,1928,-5956,3744,-8880,-20236,-16272,-14916,-11028,-22824,-13508,7504,8880
-10836,-19584,-30108,31928,-188,1928,-5956,3744,-8880,-20236,-16272,-14916,-11028,-22824,-13508,7504,8880,11916,-31348,25844,3044,1256,-5796,-7980,-18672,-12332,-13044,-9772,-17028,-17412,-14504,-18012
11916,-31348,25844,3044,1256,-5796,-7980,-18672,-12332,-13044,-9772,-17028,-17412,-14504,-18012,-5956,-7432,7628,8588,-24740,5732,2284,-1048,-5332,-12456,-8136,-13012,-12804,-11448,-13972,-13712,-10240
-5956,-7432,7628,8588,-24740,5732,2284,-1048,-5332,-12456,-8136,-13012,-12804,-11448,-13972,-13712,-10240,-16384,-18932,4356,5856,16404,-23352,19056,12040,-2432,-2672,-11012,-8268,-12868,-14104,-15116 
-14808,-15016,-14200,-13668,-11464,-23792,-27380,-4248,3808,10816,-32768,-14948,-1500,672,-2352,-7924,-17984,-19344,-14376,-16948,-11968,-11004,-26200,-28744,10116,-664,14596,-16480,-14176,-12744,-21640,-22248
-19344,-14376,-16948,-11968,-11004,-26200,-28744,10116,-664,14596,-16480,-14176,-12744,-21640,-22248,-15964,-6488,824,1768,-6760,796,628,2380,-2004,-13244,-17076,-14540,-13440,-11792,-12804,-15120,-14800
-15964,-6488,824,1768,-6760,796,628,2380,-2004,-13244,-17076,-14540,-13440,-11792,-12804,-15120,-14800,-13824,-24544,-16556,-9068,-7160,2956,-14172,-10672,-24024,-22892,-8976,-600,-8096,-8500,-32768
-13824,-24544,-16556,-9068,-7160,2956,-14172,-10672,-24024,-22892,-8976,-600,-8096,-8500,-32768,-11572,-1304,-7680,-15148,-17016,-11712,-11716,-11648,-11968,-11912,-9996,-11532,-15192,-10012,-1616,2716,7700
-11572,-1304,-7680,-15148,-17016,-11712,-11716,-11648,-11968,-11912,-9996,-11532,-15192,-10012,-1616,2716,7700,-10928,31172,-280,-64,-788,-6204,-7512,-15144,-10836,-12548,-11864,-12040,-13288,-11136,-10768
-12972,-10724,8772,-24404,-2008,-2800,68,-4316,-6880,-10472,-10216,-9896,-10028,-10972,-10920,-15604,-16584,-13600,-8940,2208,480,-15728,-13780,508,444,-5792,-8940,-14604,-9604,-10620,-13236,-11336
-15604,-16584,-13600,-8940,2208,480,-15728,-13780,508,444,-5792,-8940,-14604,-9604,-10620,-13236,-11336,-12972,-10724,8772,-24404,-2008,-2800,68,-4316,-6880,-10472,-10216,-9896,-10028,-10972,-10920 
-11640,-11316,-12228,-10148,-11120,-6348,216,-6648,-16264,-14120,-12948,-32768,-32768,2320,26296,5512,8952,-6536,-12676,-20876,-18084,-14176,-18596,-13304,-9712,-7656,-2768,-7556,-13768,-21204,-32768,-32768
-6536,-12676,-20876,-18084,-14176,-18596,-13304,-9712,-7656,-2768,-7556,-13768,-21204,-32768,-32768,32767,10660,14756,-8472,-9040,-20992,-22344,-16424,-16056,-16508,-17068,-14108,-14180,-8208,-5332,-7008,-18272
32767,10660,14756,-8472,-9040,-20992,-22344,-16424,-16056,-16508,-17068,-14108,-14180,-8208,-5332,-7008,-18272,-20392,-32768,-32768,11332,27380,8660,9148,7300,-14116,-20316,-21168,-15552,-17876,-19948,-16884
-20392,-32768,-32768,11332,27380,8660,9148,7300,-14116,-20316,-21168,-15552,-17876,-19948,-16884,-14484,-6288,-1592,-8120,-13656,-9812,-21032,-32768,-4460,28952,6384,9868,-19352,-17356,-14680,-17536,-15468
-14484,-6288,-1592,-8120,-13656,-9812,-21032,-32768,-4460,28952,6384,9868,-19352,-17356,-14680,-17536,-15468,-10004,-3108,-14644,-17184,-11356,-26700,-32768,-29668,29032,6940,11572,-3180,-9428,-17128,-21928
-10004,-3108,-14644,-17184,-11356,-26700,-32768,-29668,29032,6940,11572,-3180,-9428,-17128,-21928,-19068,-14256,-16272,-15656,-15260,-10068,-2356,-9088,-7964,-9312,-23484,-27396,-16320,32767,9840,9232,-360
-19068,-14256,-16272,-15656,-15260,-10068,-2356,-9088,-7964,-9312,-23484,-27396,-16320,32767,9840,9232,-360,-9840,-18120,-17812,-15940,-13012,-17116,-18504,-18248,-10328,-3456,-7472,-17424,-13564,-32104,-32768 
11916,-31348,25844,3044,1256,-5796,-7980,-18672,-12332,-13044,-9772,-17028,-17412,-14504,-18012,-16188,-14120,-12972,-516,-9908,-1472,-5452,-17780,-12736,-12616,-15792,-13168,-24548,3040,-4100,-32768,24292
-16188,-14120,-12972,-516,-9908,-1472,-5452,-17780,-12736,-12616,-15792,-13168,-24548,3040,-4100,-32768,24292,4752,3608,-6440,-7252,-13216,-16580,-12944,-10848,-16452,-14964,-14256,-15732,-11152,-8440,-372
4752,3608,-6440,-7252,-13216,-16580,-12944,-10848,-16452,-14964,-14256,-15732,-11152,-8440,-372,-28252,-4788,15296,8040,-764,-4248,-10704,-9160,-26192,-13196,-14236,-18548,-15024,-14160,-17016,-12212,3660
-28252,-4788,15296,8040,-764,-4248,-10704,-9160,-26192,-13196,-14236,-18548,-15024,-14160,-17016,-12212,3660,6292,-20272,-8536,27156,896,-60,-3312,-10024,-15248,-17616,-11088,-11916,-14968,-13936,-13748
6292,-20272,-8536,27156,896,-60,-3312,-10024,-15248,-17616,-11088,-11916,-14968,-13936,-13748,-12268,-18304,-9440,-3856,-5704,-11032,-25380,32767,4820,-64,-3228,-8740,-12796,-9956,-11392,-15680,-15980
-12268,-18304,-9440,-3856,-5704,-11032,-25380,32767,4820,-64,-3228,-8740,-12796,-9956,-11392,-15680,-15980,-13160,-15156,-13988,-6844,-29376,3008,14388,3676,1860,-9408,-10536,-18700,-12096,-13344,-15636
-13160,-15156,-13988,-6844,-29376,3008,14388,3676,1860,-9408,-10536,-18700,-12096,-13344,-15636,-14388,-14112,-13628,-10664,-13824,-8252,-23164,-20308,18840,4168,5072,-7148,1092,-9144,-15580,-18344,-14608 
-9840,-18120,-17812,-15940,-13012,-17116,-18504,-18248,-10328,-3456,-7472,-17424,-13564,-32104,-32768,-23240,30288,8628,-1468,-12236,-13568,-7056,-19928,-13404,-12580,-20592,-12960,-9544,-6640,-5828,-10836,-9288
-23240,30288,8628,-1468,-12236,-13568,-7056,-19928,-13404,-12580,-20592,-12960,-9544,-6640,-5828,-10836,-9288,-32384,-29944,5488,32767,10392,892,-6876,-3496,-12560,-20292,8296,32767,6708,11408,-7204
-32384,-29944,5488,32767,10392,892,-6876,-3496,-12560,-20292,8296,32767,6708,11408,-7204,-11580,-17180,-18568,-19404,-15744,-17728,-15472,-13172,-11136,-4160,-10708,-3660,-12252,-27720,-17212,23804,20528
-11580,-17180,-18568,-19404,-15744,-17728,-15472,-13172,-11136,-4160,-10708,-3660,-12252,-27720,-17212,23804,20528,5040,4384,-1788,-7172,-8040,-16048,-15576,-16744,-15504,30636,12848,12484,1164,-5080,-7976
5040,4384,-1788,-7172,-8040,-16048,-15576,-16744,-15504,30636,12848,12484,1164,-5080,-7976,-24116,-13524,-14516,-16112,-11784,-11352,-5480,-7640,-13320,-14964,-32768,-32768,28292,32767,6932,11612,-4808
-24116,-13524,-14516,-16112,-11784,-11352,-5480,-7640,-13320,-14964,-32768,-32768,28292,32767,6932,11612,-4808,-10820,-16164,-13940,-13320,-15612,-13692,-3636,-7816,-14824,-12636,-32768,-32768,13472,12652,3772
-10820,-16164,-13940,-13320,-15612,-13692,-3636,-7816,-14824,-12636,-32768,-32768,13472,12652,3772,9412,15872,-11876,-15496,-18732,-19400,-18044,-21236,-16104,-3988,-4472,-5116,-9892,-26152,-32768,-11792,32767 
-12972,-10724,8772,-24404,-2008,-2800,68,-4316,-6880,-10472,-10216,-9896,-10028,-10972,-10920,-17792,-13552,-7100,4012,9348,1276,-32768,1288,1604,-5612,-10340,-11140,-10604,-9568,-9600,-13220,-12544
-17792,-13552,-7100,4012,9348,1276,-32768,1288,1604,-5612,-10340,-11140,-10604,-9568,-9600,-13220,-12544,-10252,-14812,-24376,-16572,-6996,4544,7076,-27184,-5788,-10400,480,-416,-10956,-10012,-13804
-10252,-14812,-24376,-16572,-6996,4544,7076,-27184,-5788,-10400,480,-416,-10956,-10012,-13804,-12972,-11644,-12520,-11848,-14060,-30720,-19160,-260,12576,7660,-32768,1140,-14256,-2440,76,-10148,-13320
-12972,-11644,-12520,-11848,-14060,-30720,-19160,-260,12576,7660,-32768,1140,-14256,-2440,76,-10148,-13320,-14112,-11104,-10120,-12152,-12688,-12528,-14712,-20032,-16664,-11264,364,9836,-19256,-32768,-15068
-14112,-11104,-10120,-12152,-12688,-12528,-14712,-20032,-16664,-11264,364,9836,-19256,-32768,-15068,-396,-2696,-2572,-8972,-11108,-12772,-9924,-8484,-13256,-18064,-14196,-4628,4156,5232,-32768,-8132,-12332
-396,-2696,-2572,-8972,-11108,-12772,-9924,-8484,-13256,-18064,-14196,-4628,4156,5232,-32768,-8132,-12332,-8380,-10444,-13984,-11136,-10996,-11072,-10788,-11824,-11200,-11024,-12208,-17936,-20872,-9612,3844
-8380,-10444,-13984,-11136,-10996,-11072,-10788,-11824,-11200,-11024,-12208,-17936,-20872,-9612,3844,5120,-26724,-32768,-8092,-3884,-5852,-7184,-5776,-10860,-7820,-9168,-10636,-12628,-12420,-13364,-17408,-12708 
2268,1268,-8752,-19472,-19852,-17748,-19240,-17280,-16736,-13832,-14304,-16948,-20164,-17196,-20688,-32768,-32768,-21308,28412,-2596,2460,-1372,-7124,-9660,-7660,-11004,-10864,-16592,-15340,-15124,-13780,-13760
-32768,-32768,-21308,28412,-2596,2460,-1372,-7124,-9660,-7660,-11004,-10864,-16592,-15340,-15124,-13780,-13760,-11096,-22532,-24560,-32768,-32768,32767,6960,580,1420,-6812,-12464,-12540,-14948,-11876,-11960
-11096,-22532,-24560,-32768,-32768,32767,6960,580,1420,-6812,-12464,-12540,-14948,-11876,-11960,-15928,-16424,-15692,-15048,-13096,-14816,-15800,-19728,-19388,-24924,-32768,-32768,22048,13760,192,1812,-724
-15928,-16424,-15692,-15048,-13096,-14816,-15800,-19728,-19388,-24924,-32768,-32768,22048,13760,192,1812,-724,-6984,-10672,-9788,-11640,-14864,-13936,-16424,-15280,-14328,-13792,-11552,-15240,-16928,-16584,-23504
-6984,-10672,-9788,-11640,-14864,-13936,-16424,-15280,-14328,-13792,-11552,-15240,-16928,-16584,-23504,-27412,-32768,-32768,8208,17252,2632,7904,-3996,-12208,-14040,-16108,-12104,-12636,-17156,-15820,-15724,-9988
-27412,-32768,-32768,8208,17252,2632,7904,-3996,-12208,-14040,-16108,-12104,-12636,-17156,-15820,-15724,-9988,-13536,-15284,-16132,-19912,-25152,-32768,-32768,32767,12008,3004,-564,-15096,-9532,-12644,-15880
-13536,-15284,-16132,-19912,-25152,-32768,-32768,32767,12008,3004,-564,-15096,-9532,-12644,-15880,-15868,-15208,-11620,-11096,-10352,-23820,-20360,-16948,-20792,-32768,-32768,25664,2336,-1640,-1644,-8532,-9860 
-32768,-15264,7740,420,-25948,-15716,-21612,-16968,-11596,-7636,-7252,-7420,-8200,-9604,-12032,-10092,-7076,-10876,-7044,8900,984,-32768,-16312,-10996,-16148,-9252,-4200,-27672,-32768,-10556,5944,260
-10092,-7076,-10876,-7044,8900,984,-32768,-16312,-10996,-16148,-9252,-4200,-27672,-32768,-10556,5944,260,-32768,-3028,-16392,-15484,-8468,-7256,-8660,-4952,-9112,-11920,-8636,-3192,-15136,-16132,-28704
-32768,-3028,-16392,-15484,-8468,-7256,-8660,-4952,-9112,-11920,-8636,-3192,-15136,-16132,-28704,-32768,-6488,4792,-10076,-32768,-18924,-21856,-11368,-8348,-7280,-10532,-7108,-10848,-8104,-8320,-6080,-5736
-32768,-6488,4792,-10076,-32768,-18924,-21856,-11368,-8348,-7280,-10532,-7108,-10848,-8104,-8320,-6080,-5736,-32768,-32768,-196,8928,6592,-32768,-24300,-16944,-12880,-8432,-4448,-6744,-7136,-8056,-15008
-32768,-32768,-196,8928,6592,-32768,-24300,-16944,-12880,-8432,-4448,-6744,-7136,-8056,-15008,-11868,-7208,-12540,-9660,1864,-14844,-32768,-15840,-5604,-10172,-10464,-8328,-5612,-6240,-14192,-10832,-9172
-11868,-7208,-12540,-9660,1864,-14844,-32768,-15840,-5604,-10172,-10464,-8328,-5612,-6240,-14192,-10832,-9172,-3144,-20668,-32728,-32768,420,-1252,-6288,-32768,-14792,-9880,-16776,-5636,-5356,-7440,-4984
-3144,-20668,-32728,-32768,420,-1252,-6288,-32768,-14792,-9880,-16776,-5636,-5356,-7440,-4984,-14444,-12240,-7472,-4832,-20252,-25892,-32768,-21740,76,5880,-5180,-32768,-17708,-13728,-14096,-8680,-2648
