-14808
-15016
-14200
-13668
-11464
-23792
-27380
-4248
3808
10816
-32768
-14948
-1500
672
-2352
-7924
-17984
-19344
-14376
-16948
-11968
-11004
-26200
-28744
10116
-664
14596
-16480
-14176
-12744
-21640
-22248
-15964
-6488
824
1768
-6760
796
628
2380
-2004
-13244
-17076
-14540
-13440
-11792
-12804
-15120
-14800
-13824
-24544
-16556
-9068
-7160
2956
-14172
-10672
-24024
-22892
-8976
-600
-8096
-8500
-32768
-11572
-1304
-7680
-15148
-17016
-11712
-11716
-11648
-11968
-11912
-9996
-11532
-15192
-10012
-1616
2716
7700
-10928
31172
-280
-64
-788
-6204
-7512
-15144
-10836
-12548
-11864
-12040
-13288
-11136
-10768
-15604
-16584
-13600
-8940
2208
480
-15728
-13780
508
444
-5792
-8940
-14604
-9604
-10620
-13236
-11336
-12972
-10724
8772
-24404
-2008
-2800
68
-4316
-6880
-10472
-10216
-9896
-10028
-10972
-10920
-17792
-13552
-7100
4012
9348
1276
-32768
1288
1604
-5612
-10340
-11140
-10604
-9568
-9600
-13220
-12544
-10252
-14812
-24376
-16572
-6996
4544
7076
-27184
-5788
-10400
480
-416
-10956
-10012
-13804
-12972
-11644
-12520
-11848
-14060
-30720
-19160
-260
12576
7660
-32768
1140
-14256
-2440
76
-10148
-13320
-14112
-11104
-10120
-12152
-12688
-12528
-14712
-20032
-16664
-11264
364
9836
-19256
-32768
-15068
-396
-2696
-2572
-8972
-11108
-12772
-9924
-8484
-13256
-18064
-14196
-4628
4156
5232
-32768
-8132
-12332
-8380
-10444
-13984
-11136
-10996
-11072
-10788
-11824
-11200
-11024
-12208
-17936
-20872
-9612
3844
5120
-26724
-32768
-8092
-3884
-5852
-7184
-5776
-10860
-7820
-9168
-10636
-12628
-12420
-13364
-17408
-12708
-4988
2872
1300
-24204
-4668
-13068
-316
-10628
-11228
-8624
-9256
-7044
-9460
-9676
-9928
-9776
-16748
-17780
-10996
1864
10420
-27976
-11732
-12868
-2932
-13904
-9732
-11404
-5484
-8228
-11640
-13260
-11384
-10400
-15392
-3640
3072
-8008
-32768
-1788
-5960
-7104
-7912
-7764
-8860
-8528
-9244
-13640
-2556
4236
-5044
-32768
-15376
-3232
-8260
-8716
-12196
-6592
-11996
-10176
-14028
-13144
-11816
-17020
-28036
-9752
8208
-840
-15172
-8352
-11552
-4876
-5524
-6508
-11080
-11120
-8740
-10588
-13236
-11804
-10868
-16212
-13432
-12584
-11116
-3164
964
-7620
-32768
-18100
-4768
-4692
-5576
-7896
-8452
-10312
-7312
-12444
-10708
-11048
-7620
-15768
-12416
-14008
-14148
-13824
-14268
-13500
-13680
-14072
-13896
-13844
-13716
-13660
-13380
-13732
-13472
-13564
-13764
-13564
-13404
-13596
-13448
-13004
-13528
-13352
-13004
-13364
-13140
-13384
-13484
-13508
-13404
-13456
-13560
-13196
-13144
-13304
-13192
-13332
-13540
-13300
-13560
-13624
-13388
-13756
-13160
-13380
-13144
-13200
-13356
-13472
-13604
-13372
-13204
-13744
-13208
-13316
-13464
-13668
-13520
-12964
-13376
-13788
-13500
-12980
-13428
-13256
-12876
-13028
-12944
-13172
-13028
-13272
-13140
-12776
-12976
-13180
-13004
-12972
-13124
-13064
-13316
-13116
-13188
-13252
-13144
-13004
-13068
-13204
-12804
-12792
-12884
-12576
-12812
-13104
-12900
-12764
-12832
-12980
-13004
-13020
-13056
-13020
-13116
-13256
-13092
-13336
-13240
-13032
-12916
-13128
-13272
-13220
-12912
-12616
-12628
-12944
-11812
-9968
