BackhendDrive, -7912,-15404,4232,-228,-12632,12416,5656,-15128,1028
BackhendDrive, -7564,-14700,5400,1048,-11632,13380,7512,-15028,2580
BackhendDrive, -7916,-11992,5220,-208,-10196,13240,6084,-15100,3856
BackhendDrive, -12340,-12744,884,-5104,-10540,13964,1012,-18940,3480
BackhendDrive, -740,-18108,-3552,-3248,-15316,4388,1688,-20364,-3656
BackhendDrive, 10832,-19020,6224,11348,-15844,7104,6304,-12720,-1456
BackhendDrive, 23036,-10168,6740,19236,-9168,3380,8612,-11752,1268
BackhendDrive, 23372,2528,15964,23380,1776,6268,19324,-4044,364
BackhendDrive, 25712,296,14672,27284,-3008,15620,25108,-11464,8696
BackhendDrive, 32767,-20356,-6836,32767,-21948,-12692,32767,660,5172
BackhendDrive, 32767,-108,-32768,24572,-10352,-32768,9572,-11216,312
BackhendDrive, 6024,15764,-5372,-9220,-2968,-25972,280,-12820,-15852
BackhendDrive, -4548,16468,-13624,-11328,-3248,-12812,-6536,-15296,-732
BackhendDrive, -4856,2408,-12936,-14552,-8616,-3940,-2004,-14332,-1100
BackhendDrive, 700,4048,-14428,-4344,-6892,-8912,2868,-14916,484
BackhendDrive, 452,-15484,-5976,-1432,-17680,2960,5640,-19380,3560
BackhendDrive, -4968,-26084,8240,8904,-21408,20036,5032,-21604,5040
BackhendDrive, -7196,-18388,15456,8336,-11964,16640,9176,-10596,-764
BackhendDrive, -1304,-14896,9172,7024,-11336,13900,9504,-11952,-532
BackhendDrive, 4512,-12740,12056,8420,-8932,10584,12292,-12164,-144
BackhendDrive, 820,-17640,11648,7056,-14932,13104,10020,-16448,-1960
BackhendDrive, -3744,-8348,6176,508,-8268,12152,4464,-15832,2148
BackhendDrive, -4588,-13152,-1240,-1924,-12288,6840,5276,-17824,-1600
BackhendDrive, 20928,-16020,-3072,14340,-16976,1528,5140,-8904,-11312
BackhendDrive, 25056,-2216,6744,24700,-3864,5056,16960,-9496,-8856
BackhendDrive, 15908,-1152,1476,15276,-6752,6228,18136,-10776,-3288
BackhendDrive, 32767,-28032,20900,32767,-20364,10596,32767,-3828,3384
BackhendDrive, 32767,-32768,-32768,32767,-32768,-32768,11140,-17656,-9236
BackhendDrive, 31544,32767,-32768,6456,9652,-32768,6360,-23916,-3084
BackhendDrive, -6120,9008,-7576,-13360,-2800,-8340,-8892,-13372,-8852
BackhendDrive, -8384,5508,-12400,-13028,-7628,-8844,-5212,-13684,-3604
BackhendDrive, -4060,3728,-13968,-11304,-8592,-5108,-2200,-15684,-740
BackhendDrive, -4,2292,-16648,-6632,-8848,-9432,2924,-18496,3236
BackhendDrive, -3012,-9684,-7072,-4616,-13540,2472,-3628,-13796,5536
BackhendDrive, -18712,-12980,10700,-2784,-10296,20748,9140,-14968,8676
BackhendDrive, -14404,-15016,6732,1076,-10644,16340,10868,-14668,676
BackhendDrive, -9788,-14536,8572,4424,-10768,16204,11764,-12808,-1940
BackhendDrive, -11196,-12564,4032,-1224,-11564,12996,7816,-14520,-3052
BackhendDrive, -11196,-15548,-976,-2180,-16216,11960,7404,-18996,-4544
BackhendDrive, -10108,-14384,-308,-1332,-14228,11276,7712,-14964,-1400
BackhendDrive, -7668,-9864,1236,-1192,-10236,8496,5308,-14544,-2792
BackhendDrive, -6844,-12752,-8500,-5236,-16240,4300,3580,-18640,-4156
BackhendDrive, 1676,-17188,-2752,1324,-15236,2944,3928,-18712,-3400
BackhendDrive, 13720,-16752,5576,15612,-13692,5680,10832,-10336,-5372
BackhendDrive, 18024,-12732,5588,19004,-11416,2940,15408,-7972,-2716
BackhendDrive, 16996,-10484,2380,16420,-11424,2172,17208,-10296,324
BackhendDrive, 26732,-23000,17520,31312,-12464,14040,26264,-5456,6224
BackhendDrive, 32767,-32768,-18248,32767,-30276,-29792,19712,-11240,-5908
BackhendDrive, 32767,32767,-32768,14020,11580,-32768,5188,-16252,3280
BackhendDrive, -9284,8788,-12532,-17304,-3216,-11652,-6428,-12916,-8796
BackhendDrive, -5980,3772,-12760,-11580,-8640,-9056,-5384,-14340,-5360
BackhendDrive, -6500,-144,-13536,-10044,-10360,-3212,-1336,-15984,856
BackhendDrive, -4656,-4280,-12100,-6496,-9828,-5248,708,-15976,1260
BackhendDrive, -4748,-11276,-6676,-4160,-15332,4280,-1220,-11852,4356
BackhendDrive, -13812,-15324,4324,-4296,-14792,14080,4776,-16888,6104
BackhendDrive, -13184,-13956,8548,1280,-11852,17712,9052,-17108,2068
BackhendDrive, -10564,-14496,5720,3080,-12388,13920,10528,-14104,-2092
BackhendDrive, -9232,-13244,1972,780,-13408,10960,7424,-13560,-4532
BackhendDrive, -9480,-15700,-176,324,-15232,10224,7432,-14292,-4228
BackhendDrive, -8320,-14748,1144,1864,-14124,9880,8748,-12924,-4496
BackhendDrive, -7848,-14152,-5584,-696,-16764,7704,7088,-15692,-4384
BackhendDrive, 13528,-22720,-5008,4068,-12088,-7316,5152,-18272,-5132
BackhendDrive, 15456,-11088,-4124,10772,-14072,324,6656,-12764,-8280
BackhendDrive, 16184,-9900,-1832,13816,-13900,-684,16772,-10444,-4208
BackhendDrive, 17400,-10836,-5400,16568,-13576,-772,18468,-8404,324
BackhendDrive, 32767,-19584,5600,32767,-21284,7692,30632,-2704,6492
BackhendDrive, 32767,-30108,-27488,32767,-25836,-28564,8364,-18456,-4708
BackhendDrive, 32767,31928,-32768,-1060,6764,-32768,84,-14944,2760
BackhendDrive, -13208,-188,-5868,-11392,-4048,-6280,-6652,-13484,-5984
BackhendDrive, -9608,1928,-13608,-13276,-8248,-5364,-5724,-17052,-940
BackhendDrive, -9248,-5956,-11208,-9532,-11636,-1324,-1208,-15376,3260
BackhendDrive, -4532,3744,-7956,-7344,-4992,-1144,-608,-15076,2484
BackhendDrive, -10984,-8880,-1484,-6012,-12728,6964,576,-16252,1096
BackhendDrive, -12260,-20236,2660,-1340,-16460,18128,6988,-16632,2340
BackhendDrive, -12324,-16272,7348,2972,-14512,16100,13120,-15040,-112
BackhendDrive, -8184,-14916,1904,2436,-14508,9264,8640,-13436,-5164
BackhendDrive, -7664,-11028,56,852,-14524,7668,7344,-15348,-4912
BackhendDrive, -2972,-22824,-1104,2960,-22852,10404,5920,-21428,-5664
BackhendDrive, 19588,-13508,9664,14832,-11548,5208,10128,-16556,-4444
BackhendDrive, 15976,7504,2840,16528,20,6004,11256,-10704,-5168
BackhendDrive, 21020,8880,11116,20760,4068,11256,19384,-5956,4756
BackhendDrive, 32767,11916,12304,30900,3684,12852,21580,-6716,8184
BackhendDrive, 32767,-31348,-24960,20448,-32768,-12316,-1812,-24852,-4852
BackhendDrive, 20224,25844,-29856,-11224,11416,-27600,-4700,-22776,-6072
BackhendDrive, -7680,3044,-12588,-12580,-7792,-11020,-6616,-15748,-3132
BackhendDrive, -5784,1256,-13516,-9300,-9336,-5700,-3884,-13636,-176
BackhendDrive, -2540,-5796,-11036,-5016,-10340,-6992,588,-13968,3316
BackhendDrive, -6128,-7980,-7036,-6196,-12864,204,-436,-19192,3060
BackhendDrive, -15836,-18672,-656,-6032,-17320,15252,696,-22548,3540
BackhendDrive, -14876,-12332,6684,848,-13640,15916,6204,-19452,1856
BackhendDrive, -11836,-13044,7056,2760,-11912,14496,10216,-13696,-2476
BackhendDrive, -6696,-9772,6588,4036,-9556,11044,10132,-12212,-3944
BackhendDrive, -7224,-17028,856,2488,-17580,8620,9052,-13088,-6632
BackhendDrive, -6668,-17412,-876,1732,-16108,7968,8540,-14540,-5164
BackhendDrive, -10540,-14504,3928,560,-14536,12548,8016,-15408,-4216
BackhendDrive, -12416,-18012,2084,596,-18684,13980,7628,-19296,-4064
BackhendDrive, 544,-5956,11172,4944,-8632,15692,7568,-17452,-4248
BackhendDrive, 12892,-7432,12332,12304,-6916,6628,8736,-6716,904
BackhendDrive, 14656,7628,14192,18560,3960,13628,15956,-5988,9232
BackhendDrive, 25196,8588,32767,32767,4148,23272,18440,3348,13948
BackhendDrive, 32767,-24740,15528,17880,-17916,-4572,3012,-22284,-1620
BackhendDrive, 14160,5732,-23072,-1068,-1360,-25148,7476,-18376,-9188
BackhendDrive, -9012,2284,-18004,-10492,-11988,-9544,-6408,-18440,896
BackhendDrive, -8736,-1048,-10880,-9808,-9612,-3204,-3896,-14248,876
BackhendDrive, -2580,-5332,-12220,-4572,-11420,-4524,2412,-16068,5312
BackhendDrive, -8536,-12456,-12532,-5768,-15608,-2556,-76,-19744,2676
BackhendDrive, -11860,-8136,3316,-9808,-9680,6324,-236,-15212,5920
BackhendDrive, -17044,-13012,6748,-4424,-12460,18388,6500,-16412,4240
BackhendDrive, -14636,-12804,4448,-2012,-13428,15000,7540,-15716,56
BackhendDrive, -11264,-11448,4744,-504,-11364,12112,6292,-13420,-3636
BackhendDrive, -10804,-13972,2716,-820,-15004,11180,6896,-17444,-5168
BackhendDrive, -9668,-13712,1096,-832,-13640,9880,5512,-13952,-3620
BackhendDrive, -9668,-10240,2572,-588,-11480,10196,6060,-14016,-2824
BackhendDrive, -12920,-16384,616,-3944,-16124,12464,5904,-21804,-1948
BackhendDrive, -792,-18932,6312,1732,-16648,10384,-652,-17608,-2228
BackhendDrive, 13472,4356,13448,12732,-1824,5828,8976,-11024,16
BackhendDrive, 17120,5856,11068,18804,2044,9940,17176,-4540,7772
BackhendDrive, 18364,16404,15232,22500,19496,13632,18228,-1268,11004
BackhendDrive, 32767,-23352,32264,32767,-26992,12188,15056,-13552,5356
BackhendDrive, 32767,19056,-32768,10192,5492,-32768,16368,-12480,-416
BackhendDrive, -6576,12040,-11544,-10336,-1880,-14496,-6464,-15416,-6748
BackhendDrive, -6804,-2432,-12904,-9212,-12808,-3348,-4752,-15312,676
BackhendDrive, -3424,-2672,-15364,-8868,-12444,-17000,400,-16448,688
BackhendDrive, -5640,-11012,-13208,-3536,-16700,-800,4144,-18668,1416
BackhendDrive, -9220,-8268,-9208,-10100,-14452,-460,-1148,-18628,2984
BackhendDrive, -8936,-12868,-756,-2124,-15468,7784,3488,-15112,2612
BackhendDrive, -10844,-14104,8236,180,-13216,14912,8508,-15760,1332
BackhendDrive, -9828,-15116,8832,4772,-10916,15216,11852,-13508,-268
BackhendDrive, -7436,-16188,4992,4772,-14012,11380,10240,-11820,-3988
BackhendDrive, -8516,-14120,3396,1852,-13496,10988,7884,-15304,-3728
BackhendDrive, -7932,-12972,3840,1928,-12456,10996,7260,-14036,-3364
BackhendDrive, -9116,-516,-11544,-10900,-8324,-11596,-2900,-16704,1048
BackhendDrive, -6224,-9908,-13828,-6164,-14744,-3820,2288,-16568,4200
BackhendDrive, -8620,-1472,-9576,-9360,-10596,-700,-2756,-17768,464
BackhendDrive, -11152,-5452,-8,-8112,-9560,7496,-1316,-16724,3340
BackhendDrive, -11924,-17780,10144,1964,-12016,18872,8004,-13708,3036
BackhendDrive, -13488,-12736,7832,2076,-11148,13392,9720,-14908,3404
BackhendDrive, -9896,-12616,5716,1272,-9608,12704,8016,-13444,-2908
BackhendDrive, -9032,-15792,1460,1260,-14900,10716,8236,-15128,-3080
BackhendDrive, -10352,-13168,2304,-1596,-12996,12044,6304,-18516,-1208
BackhendDrive, -1684,-24548,4704,4624,-17928,11196,8544,-17988,-508
BackhendDrive, 14940,3040,11396,15620,400,10364,13512,-10092,5500
BackhendDrive, 30504,-4100,31292,31168,-5400,20048,22680,-5092,11776
BackhendDrive, 32767,-32768,8660,28008,-32280,-8940,10376,-12328,-2684
BackhendDrive, 27416,24292,-24884,100,13712,-32768,2256,-14904,-6724
BackhendDrive, -4296,4752,-19796,-8200,-11244,-13888,-5592,-18244,-3560
BackhendDrive, -4744,3608,-12492,-11212,-7556,-6016,-1156,-15228,-1720
BackhendDrive, -6280,-6440,-8692,-5076,-12560,-552,1532,-16668,800
BackhendDrive, -10100,-7252,-8892,-7648,-14320,8488,-2144,-17472,880
BackhendDrive, -10652,-13216,3220,-3120,-16188,11164,4200,-19424,5344
BackhendDrive, -14392,-16580,11484,1736,-12856,17040,6560,-16580,-112
BackhendDrive, -10012,-12944,9704,4200,-11448,14724,10540,-12920,-988
BackhendDrive, -8200,-10848,6568,1880,-10472,12184,8456,-14800,-3884
BackhendDrive, -8576,-16452,2740,864,-16168,10504,7456,-14568,-5016
BackhendDrive, -9548,-14964,-3800,-2720,-16120,8184,3716,-16888,-4700
BackhendDrive, -5880,-14256,-6196,-1236,-17008,4568,4432,-17784,-7320
BackhendDrive, 5376,-15732,-540,6220,-15284,2860,6468,-13932,-9056
BackhendDrive, 14368,-11152,11100,18228,-7952,3384,15336,-6744,-7224
BackhendDrive, 16780,-8440,11112,17896,-7996,3724,16192,-10300,-296
BackhendDrive, 20996,-372,16564,22420,-292,12988,20624,-9276,2396
BackhendDrive, 32767,-28252,9644,32767,-27464,-3224,19968,-13328,92
BackhendDrive, 32767,-4788,-15820,31896,-7588,-28356,13128,-3004,2240
BackhendDrive, 6720,15296,-19716,-8284,-5944,-22248,-184,-10480,-14196
BackhendDrive, -10128,8040,-10692,-12256,-5160,-8856,-6920,-15596,-3624
BackhendDrive, -10020,-764,-11504,-12256,-10620,-3356,-4396,-15084,832
BackhendDrive, -9640,-4248,-8796,-7664,-10392,192,-1784,-17016,2212
BackhendDrive, -5828,-10704,-4824,-3900,-14340,1716,6136,-17656,1588
BackhendDrive, -11180,-9160,-3036,-8336,-14276,4944,8,-20472,5384
BackhendDrive, -11672,-26192,5132,4624,-20268,12620,5428,-13992,2624
BackhendDrive, -7488,-13196,8256,3484,-11452,11856,11312,-12348,308
BackhendDrive, -7260,-14236,9784,6840,-10500,15440,12984,-12200,-788
BackhendDrive, -7024,-18548,4140,5280,-16128,11044,10888,-12452,-4720
BackhendDrive, -8228,-15024,3572,2488,-13472,11092,8516,-14232,-3216
BackhendDrive, -8744,-14160,4824,1704,-13452,11696,6772,-15444,-3876
BackhendDrive, -3732,-17016,3724,2616,-16504,12308,6004,-19748,-120
BackhendDrive, 15080,-12212,14148,13668,-12860,8160,8472,-13776,-2284
BackhendDrive, 18988,3660,8768,19624,-2076,7764,14644,-9336,144
BackhendDrive, 19392,6292,17096,21392,3220,12352,18648,-6768,8360
BackhendDrive, 31724,-20272,21384,29412,-15628,9508,20048,-4496,12868
BackhendDrive, 32767,-8536,-14940,22848,-14988,-14192,2348,-21900,-2752
BackhendDrive, 13004,27156,-20592,6572,1048,-24132,584,-15916,-14876
BackhendDrive, -9164,896,-13004,-11032,-9640,-5488,-7520,-17116,-3016
BackhendDrive, -5236,-60,-15140,-8464,-12492,-8900,-3144,-13240,-936
BackhendDrive, -5528,-3312,-11812,-6800,-10836,-3000,1056,-14616,1144
BackhendDrive, -6060,-10024,-1980,-3036,-14868,1876,6736,-19728,2132
BackhendDrive, -17160,-15248,4684,-8304,-13380,15008,-2104,-20356,6036
BackhendDrive, -16320,-17616,8976,344,-14176,17040,3364,-17080,160
BackhendDrive, -11960,-11088,10172,2956,-9088,15748,10344,-12100,-940
BackhendDrive, -8180,-11916,7288,4224,-8508,12308,10296,-12112,-1664
BackhendDrive, -10108,-14968,2644,1268,-14932,11428,9360,-14836,-4588
BackhendDrive, -10048,-13936,252,-948,-14824,9700,5608,-14468,-4952
BackhendDrive, -7808,-13748,2124,1516,-13224,9736,8348,-13628,-4064
BackhendDrive, -8120,-12268,-5616,-2392,-15852,7472,3636,-17028,-4560
BackhendDrive, 2152,-18304,2520,3772,-18092,8832,5152,-18508,-6172
BackhendDrive, 11756,-9440,10740,12348,-9436,9216,10244,-10856,-3796
BackhendDrive, 15196,-3856,8532,14088,-6552,6596,13128,-9828,-996
BackhendDrive, 14856,-5704,9124,15068,-5436,7864,16228,-13112,3832
BackhendDrive, 28944,-11032,22724,29512,-6924,17744,23280,-5012,5220
BackhendDrive, 32767,-25380,-916,30876,-24136,-10072,10584,-15944,532
BackhendDrive, 32767,32767,-30136,-620,21064,-32768,1400,-15164,-608
BackhendDrive, -9016,4820,-11920,-9220,-8244,-11056,-6868,-16380,-5036
BackhendDrive, -6840,-64,-14056,-9568,-9900,-6080,-3420,-14540,-800
BackhendDrive, -3896,-3228,-11032,-5596,-11368,-4696,2068,-16620,2240
BackhendDrive, -12188,-8740,-10600,-12876,-15092,4956,-3112,-19624,116
BackhendDrive, -14148,-12796,2272,-9156,-12620,9228,1908,-16664,5624
BackhendDrive, -13940,-9956,5304,-1976,-8536,14648,4788,-14924,3268
BackhendDrive, -11696,-11392,4144,-100,-10984,13540,7740,-15544,-1864
BackhendDrive, -12340,-15680,972,-1152,-15680,12632,6072,-15880,-4352
BackhendDrive, -10848,-15980,1568,536,-15288,11268,7564,-14616,-4928
BackhendDrive, -9920,-13160,632,280,-13580,9828,6920,-14068,-5732
BackhendDrive, -7840,-15156,-1380,-316,-16008,8156,7752,-16112,-5548
BackhendDrive, -4800,-13988,1676,3144,-12520,8764,7840,-15696,-3876
BackhendDrive, 12344,-6844,11292,13420,-6068,12352,13684,-12944,3192
BackhendDrive, 32767,-29376,32767,32767,-21812,14876,30548,-4360,7308
BackhendDrive, 32767,3008,-20504,30596,916,-29760,2880,-22164,-5116
BackhendDrive, 8296,14388,-16448,-2652,-11244,-20696,304,-15476,-13012
BackhendDrive, -10120,3676,-10596,-12384,-6264,-3944,-7256,-14736,-2476
BackhendDrive, -9840,1860,-8308,-12244,-9108,-152,-3564,-13748,636
BackhendDrive, -3980,-9408,-10844,-2648,-13232,-2968,1816,-19760,1556
BackhendDrive, -8708,-10536,-11484,-8936,-14656,-984,-5508,-19548,4020
BackhendDrive, -14236,-18700,1308,-2864,-16964,18416,5288,-19112,5192
BackhendDrive, -9440,-12096,10224,5528,-11656,14276,8844,-13568,96
BackhendDrive, -8248,-13344,8592,5276,-9900,13240,11264,-13436,-704
BackhendDrive, -9780,-15636,5244,2332,-14580,12828,10200,-14148,-4824
BackhendDrive, -10120,-14388,2192,-492,-14376,10292,7024,-14316,-4436
BackhendDrive, -9720,-14112,-1536,-2072,-14088,8124,4860,-15736,-3636
BackhendDrive, -2084,-13628,3332,772,-11768,7688,4992,-15664,-3820
BackhendDrive, -2092,-10664,24352,14212,-6136,22064,17236,-13212,-32
BackhendDrive, 7752,-13824,6916,8580,-11712,4780,9116,-10752,3580
BackhendDrive, 12296,-8252,15280,13672,-6260,15392,8888,-15132,5872
BackhendDrive, 32767,-23164,32767,32767,-16408,11152,26288,392,8292
BackhendDrive, 32767,-20308,-9592,26860,-20120,-7544,-9180,-24436,-2420
BackhendDrive, 15128,18840,-24292,1524,2288,-23728,1980,-16284,-10916
BackhendDrive, -10032,4168,-11268,-13400,-6324,-8916,-9372,-15420,-5500
BackhendDrive, -6952,5072,-11608,-11112,-6964,-5280,-4940,-13680,-1972
BackhendDrive, -13392,-7148,-9368,-11632,-11916,4188,-2484,-17976,1916
BackhendDrive, -7776,1092,-12364,-11676,-8312,-3376,-7648,-13420,2672
BackhendDrive, -8752,-9144,-8672,-8492,-13184,2048,-1680,-15616,3224
BackhendDrive, -8004,-15580,-3852,-1880,-16308,10560,5856,-15904,3564
BackhendDrive, -11908,-18344,5888,240,-16296,12728,8780,-14312,88
BackhendDrive, -12304,-14608,6844,1728,-14116,14680,10408,-15068,-3696
BackhendDrive, -7132,-11088,-8080,-7404,-17404,-548,-2308,-18392,2552
BackhendDrive, -14200,-14444,7872,-2932,-13328,16448,5628,-13724,3588
BackhendDrive, -12340,-13200,6392,2060,-11800,13804,8600,-13916,-1952
BackhendDrive, -9804,-13320,8216,3520,-10148,14128,8724,-14124,-1236
BackhendDrive, -10428,-14940,4548,100,-14484,11992,6980,-14920,-5660
BackhendDrive, -10120,-15768,2836,-12,-15596,11184,6612,-16128,-4736
BackhendDrive, -11304,-13292,588,-2204,-14436,10504,4132,-16096,-4416
BackhendDrive, -6784,-14944,704,-2676,-14848,5980,2164,-17252,-6784
BackhendDrive, -3876,-7388,10740,3124,-6164,11972,8064,-13628,-4320
BackhendDrive, 2464,-4164,16680,7060,1116,8020,12344,-11188,4212
BackhendDrive, 8228,-17124,13200,12236,-11912,10896,10212,-11656,2384
BackhendDrive, 4332,-6128,21812,16100,-1176,21848,16196,-11280,6096
BackhendDrive, 28840,-32768,22408,27792,-27276,11576,19708,-11072,9660
BackhendDrive, 32767,-20164,-9080,25408,-14448,-19380,2696,-10988,-704
BackhendDrive, 15292,23152,-18700,904,4764,-23664,1284,-15316,-10736
BackhendDrive, -7944,6156,-10364,-12520,-6176,-8076,-7664,-15168,-3612
BackhendDrive, -7104,1104,-13684,-10320,-8044,-4680,-5240,-15008,-856
BackhendDrive, -6984,-5060,-10964,-6488,-11068,-860,624,-18148,3992
BackhendDrive, -8480,-2896,-10376,-8532,-11420,128,-3424,-16628,92
BackhendDrive, -11220,-8996,60,-8844,-13104,7140,228,-16356,2708
BackhendDrive, -16272,-14252,10740,-2904,-9824,19632,6656,-14952,2908
BackhendDrive, -13004,-11028,9060,1460,-9612,16284,10304,-14760,376
BackhendDrive, -11756,-14088,4380,100,-12088,14020,7784,-13804,-3788
BackhendDrive, -11264,-14580,3548,-416,-14376,12384,6120,-14684,-5916
BackhendDrive, -10892,-13904,1208,-1088,-14504,10696,6056,-16280,-4488
BackhendDrive, -7908,-13360,944,-888,-12980,8752,3936,-14792,-5652
BackhendDrive, -8804,-11912,9108,3584,-9720,14384,9780,-13092,-2980
BackhendDrive, -4872,-13492,7756,5320,-9320,11104,7760,-11912,656
BackhendDrive, 1520,-8404,17720,9720,-2932,13484,12452,-12396,1272
BackhendDrive, 7448,-4728,17832,14676,-1256,12200,14996,-6688,4740
BackhendDrive, 15408,-1836,22328,21496,7868,15192,20088,-4548,11272
BackhendDrive, -7420,4440,-12768,-10624,-7624,-7824,-5020,-15824,-4628
BackhendDrive, -7156,500,-11320,-8548,-6796,-6772,-968,-15440,1976
BackhendDrive, -6512,-7468,-12124,-5212,-14076,-2600,3720,-20412,128
BackhendDrive, -8288,-10564,-9864,-10220,-16164,-900,-4020,-18336,4880
BackhendDrive, -17152,-15204,2832,-8364,-11864,13492,3580,-15028,4124
BackhendDrive, -13052,-7928,11528,88,-8716,16412,11004,-13968,2340
BackhendDrive, -12040,-8448,11608,2608,-6116,17188,11844,-13048,-3032
BackhendDrive, -10640,-9712,6952,248,-9396,14572,6764,-13204,-2240
BackhendDrive, -9728,-16108,5208,924,-14416,14124,7156,-14252,-3124
BackhendDrive, -10744,-14228,76,-1248,-14252,11224,6184,-15928,-3360
BackhendDrive, -9212,-15452,-3564,-3412,-16544,8180,3548,-18900,-4620
BackhendDrive, -4956,-19428,-1648,2568,-15044,7960,3808,-17600,-2204
BackhendDrive, 13344,-9732,19272,12304,-2676,10080,13728,-12244,-1708
BackhendDrive, 8392,-4840,14628,16136,-1172,13260,17656,-5408,3524
BackhendDrive, 11120,-3552,13744,14948,300,12728,13328,-11768,8848
BackhendDrive, 32767,-29516,32767,32767,-17016,18756,23964,-5004,8340
BackhendDrive, 32767,-32768,-24200,32767,-19380,-22312,-720,-18208,-3328
BackhendDrive, 16800,28080,-18868,-7684,11252,-23548,-68,-18700,-12152
BackhendDrive, -8036,4160,-12244,-12148,-6408,-10888,-6276,-15816,-3628
BackhendDrive, -7296,1260,-11344,-10552,-8052,-3020,-3484,-14656,280
BackhendDrive, -3936,-6536,-8136,-2944,-11464,-3064,4572,-14564,2228
BackhendDrive, -5004,-8664,-10420,-4596,-16196,-1992,3816,-22028,-3296
BackhendDrive, -9792,-19344,-9096,-11424,-21604,4976,-1668,-24744,3480
BackhendDrive, -9792,-19964,6208,7620,-14956,12912,8016,-14500,976
BackhendDrive, -8724,-10116,12744,3464,-9788,14832,11080,-12132,784
BackhendDrive, -5116,-10456,7780,5344,-7184,12452,9392,-11584,-1464
BackhendDrive, -8980,-12272,10892,6232,-11588,15504,11920,-12168,-3760
BackhendDrive, -11436,-10076,8720,156,-9532,14992,7336,-15496,-1540
BackhendDrive, -10300,-11108,6736,-524,-8396,13072,6224,-14804,-820
BackhendDrive, -3160,-21020,5400,1668,-16576,11124,5076,-17136,-2056
BackhendDrive, 9940,-18540,11976,14656,-17764,13340,11380,-16964,-4256
BackhendDrive, 24896,5664,12796,22156,2080,4556,20064,-10860,1348
BackhendDrive, 18412,5872,13656,19040,1092,8288,17576,-3224,8900
BackhendDrive, 20076,-2108,12232,19652,-5608,15228,13576,-10292,10664
BackhendDrive, 32767,-32768,-4536,27520,-30120,-14700,18684,-15476,980
BackhendDrive, 32767,16360,-32768,8576,-3096,-32768,5804,-11416,3816
BackhendDrive, -4464,11988,-10808,-7116,-1792,-10056,-5208,-11500,-9776
BackhendDrive, -6668,3000,-13276,-10468,-8580,-6668,-6292,-16264,-2340
BackhendDrive, -6652,-5084,-12220,-7200,-11768,-720,76,-15604,2888
BackhendDrive, -14052,-9632,-6648,-10860,-15100,4996,912,-22028,1592
BackhendDrive, -15684,-3584,-6468,-14276,-8324,6188,-8504,-14852,4076
BackhendDrive, -10520,-9548,748,-6664,-9548,13384,876,-15000,3208
BackhendDrive, -12128,-11192,8524,-3696,-10404,14988,9584,-14316,4832
BackhendDrive, -12576,-10388,9936,2700,-7984,18192,13080,-13920,1396
BackhendDrive, -12664,-12676,6432,1116,-12708,15180,11052,-15604,-3696
BackhendDrive, -11872,-12152,3496,-1796,-12200,12276,6036,-14288,-3220
BackhendDrive, -10156,-13872,60,-1276,-13468,10396,5988,-16344,-3700
BackhendDrive, -6832,-10860,824,144,-11156,8620,5492,-15104,-3676
BackhendDrive, 140,-17860,12184,9168,-13640,11232,11068,-13384,-3040
BackhendDrive, 8824,-8436,18512,17896,-4664,12712,16184,-9404,2012
BackhendDrive, 10328,-248,14572,16044,-868,10812,15280,-8680,3296
BackhendDrive, 9556,3260,16900,16392,6056,17160,16808,-8580,7616
BackhendDrive, 32767,-30412,9208,32767,-23184,2616,24816,-8896,9308
BackhendDrive, 32767,-11448,-27852,25840,-13080,-22332,936,-10284,-4756
BackhendDrive, 11196,25620,-16168,-4192,9044,-21928,1192,-12936,-9088
BackhendDrive, -8040,5292,-11212,-12868,-4724,-11156,-8616,-15660,-3448
BackhendDrive, -8516,5756,-12924,-13596,-6192,-7528,-6840,-15324,-408
BackhendDrive, -5880,-2736,-10388,-7244,-9156,592,-2052,-13532,1252
BackhendDrive, -6340,-2224,-11864,-7760,-10968,-3908,1636,-17028,1600
BackhendDrive, -4448,-6916,-13252,-8112,-15452,-2736,5344,-20372,936
BackhendDrive, -18168,-11796,-15840,-15568,-16436,5312,-3112,-23132,4352
BackhendDrive, -5596,-12880,-10556,-4848,-17036,1500,3836,-12608,-704
BackhendDrive, 3916,-16460,-2388,5860,-11328,-904,-6720,-18180,-928
BackhendDrive, 12208,-15256,1908,11456,-16260,-2100,11460,-12668,-1312
BackhendDrive, 14324,-9980,5016,13880,-9896,2256,12216,-9740,-1260
