-7912
-7564
-7916
-12340
-740
10832
23036
23372
25712
32767
32767
6024
-4548
-4856
700
452
-4968
-7196
-1304
4512
820
-3744
-4588
20928
25056
15908
32767
32767
31544
-6120
-8384
-4060
-4
-3012
-18712
-14404
-9788
-11196
-11196
-10108
-7668
-6844
1676
13720
18024
16996
26732
32767
32767
-9284
-5980
-6500
-4656
-4748
-13812
-13184
-10564
-9232
-9480
-8320
-7848
13528
15456
16184
17400
32767
32767
32767
-13208
-9608
-9248
-4532
-10984
-12260
-12324
-8184
-7664
-2972
19588
15976
21020
32767
32767
20224
-7680
-5784
-2540
-6128
-15836
-14876
-11836
-6696
-7224
-6668
-10540
-12416
544
12892
14656
25196
32767
14160
-9012
-8736
-2580
-8536
-11860
-17044
-14636
-11264
-10804
-9668
-9668
-12920
-792
13472
17120
18364
32767
32767
-6576
-6804
-3424
-5640
-9220
-8936
-10844
-9828
-7436
-8516
-7932
-9116
-6224
-8620
-11152
-11924
-13488
-9896
-9032
-10352
-1684
14940
30504
32767
27416
-4296
-4744
-6280
-10100
-10652
-14392
-10012
-8200
-8576
-9548
-5880
5376
14368
16780
20996
32767
32767
6720
-10128
-10020
-9640
-5828
-11180
-11672
-7488
-7260
-7024
-8228
-8744
-3732
15080
18988
19392
31724
32767
13004
-9164
-5236
-5528
-6060
-17160
-16320
-11960
-8180
-10108
-10048
-7808
-8120
2152
11756
15196
14856
28944
32767
32767
-9016
-6840
-3896
-12188
-14148
-13940
-11696
-12340
-10848
-9920
-7840
-4800
12344
32767
32767
8296
-10120
-9840
-3980
-8708
-14236
-9440
-8248
-9780
-10120
-9720
-2084
-2092
7752
12296
32767
32767
15128
-10032
-6952
-13392
-7776
-8752
-8004
-11908
-12304
-7132
-14200
-12340
-9804
-10428
-10120
-11304
-6784
-3876
2464
8228
4332
28840
32767
15292
-7944
-7104
-6984
-8480
-11220
-16272
-13004
-11756
-11264
-10892
-7908
-8804
-4872
1520
7448
15408
-7420
-7156
-6512
-8288
-17152
-13052
-12040
-10640
-9728
-10744
-9212
-4956
13344
8392
11120
32767
32767
16800
-8036
-7296
-3936
-5004
-9792
-9792
-8724
-5116
-8980
-11436
-10300
-3160
9940
24896
18412
20076
32767
32767
-4464
-6668
-6652
-14052
-15684
-10520
-12128
-12576
-12664
-11872
-10156
-6832
140
8824
10328
9556
32767
32767
11196
-8040
-8516
-5880
-6340
-4448
-18168
-5596
3916
12208
14324
