-8456
-8900
-6752
-6276
-1480
-6620
1384
-1796
-12944
-10664
-11576
-15076
-15272
-9828
-6048
7928
1704
2416
3508
1824
18388
32468
11308
720
12
-4024
-13200
-14760
-17292
-9944
-11496
-17884
-13388
-7160
-6048
-8280
-1036
1924
648
6372
32767
-3676
2796
7260
-3772
-12856
-16436
-13008
-12664
-20908
-10676
-10352
-16768
-244
6652
-2028
11704
5632
-3496
32767
2676
8748
2268
984
-8352
-16996
-11964
-12940
12308
4828
5920
-4000
-9676
-12860
-10876
-11248
-12372
-15436
-10568
-8468
-8112
388
13084
6528
6336
5412
-10900
-13248
-11992
-8928
-8496
-2092
4188
4632
1016
1752
748
22652
27800
6712
3644
832
-8812
-12548
-9472
-10228
-13808
-12704
-12940
-9428
-6272
-276
2112
-124
4276
2380
-3364
32767
8792
6336
-3492
-8596
-15316
-15956
-14304
-9804
-15312
-15312
-12692
-7540
-180
6432
1196
17604
32767
9308
6496
-1056
-5052
-15280
-3824
-3688
6660
3064
6120
32767
17292
12964
4072
-8732
-11208
-12788
-13788
-14356
-17032
-12020
-7732
-6148
-3928
-548
1120
-160
2100
2236
32767
22892
6252
-6164
-10064
-15396
-13236
-12908
-17248
-16092
-10804
-11092
4160
15316
9108
3004
1040
12228
32767
13516
6640
404
-10920
-15296
-13664
-10224
-13912
-17464
-13396
-8364
1756
7196
1040
15988
25804
8184
972
-5424
-16180
-14988
-12100
-10960
-17780
-14404
-9752
-6588
-4144
-88
5108
4444
-1588
14384
32767
12932
5824
4100
-13080
-16908
-12924
-11860
-18376
-16752
-11660
-5748
-2844
1448
3800
1776
-536
764
19960
26304
5300
2980
4488
-9780
-13976
-15972
-15648
-17140
-12052
-5412
-4472
-5504
-1128
6496
1660
-11044
-14720
-13504
-11024
-6816
-2752
6652
4300
3036
32767
2608
4840
4952
-2096
-12960
-11732
-13112
-10276
-12556
-14356
-10364
-2624
12088
13944
16756
6620
5816
76
31476
14652
7124
2496
1988
-5588
-11152
-15128
-12668
-12716
-14532
-14560
-10016
-8648
-5592
4924
3480
2352
644
3644
32767
10524
4484
3884
-3784
-12412
-13456
-11464
-12588
-15564
-144
1416
32767
16036
4420
-128
-5944
-7016
-9304
-12224
-11904
-14176
-9432
-11444
