ForhandSlice, -8456,-13696,3260,976,-12672,11120,9524,-13628,284
ForhandSlice, -8900,-12784,4388,1228,-10920,11652,9216,-11952,100
ForhandSlice, -6752,-11484,11156,7084,-7692,13604,14600,-10700,2216
ForhandSlice, -6276,-15156,15412,11320,-10160,14968,15784,-9920,2116
ForhandSlice, -1480,-32768,17888,21988,-21288,16244,22080,-10768,508
ForhandSlice, -6620,-32768,-284,10864,-32768,10832,13012,-22268,-2584
ForhandSlice, 1384,-12288,-16848,-3596,-16828,-6168,3004,-8552,-5880
ForhandSlice, -1796,2700,-10364,-7328,-7448,-4512,-1100,-9536,-7776
ForhandSlice, -12944,-10524,1292,-6536,-10460,11140,1368,-16432,356
ForhandSlice, -10664,-8292,2256,-4220,-7276,10436,2552,-13860,-944
ForhandSlice, -11576,-8248,736,-5464,-9940,10108,3512,-13184,-3516
ForhandSlice, -15076,-12172,4096,-3236,-13636,16904,7360,-17692,-3132
ForhandSlice, -15272,-14336,8216,472,-11576,18312,9356,-15444,-1732
ForhandSlice, -9828,-8700,6836,1648,-7168,13076,8800,-10796,-1920
ForhandSlice, -6048,-7000,16900,8892,-4956,15244,14328,-9308,-1528
ForhandSlice, 7928,-18716,17432,20792,-12352,7836,15448,-5536,-5208
ForhandSlice, 1704,-32768,5636,23080,-32768,11608,18644,-24496,-4356
ForhandSlice, 2416,-32768,-18328,4480,-32768,-4528,4776,-18984,-4768
ForhandSlice, 3508,2316,-9692,-1456,-4944,-7392,580,-3544,-6468
ForhandSlice, 1824,1644,-14624,-4292,-11024,-11668,-2444,-8624,-19140
ForhandSlice, 18388,-7820,-32768,9036,-32768,-24108,26296,-32768,-16248
ForhandSlice, 32468,-32768,-32768,23068,-32768,-32768,32767,-10432,-19268
ForhandSlice, 11308,-24336,3296,11880,-15052,640,7116,-23644,4176
ForhandSlice, 720,-7548,-2700,-2964,-8340,784,1480,-11180,1244
ForhandSlice, 12,-14016,-9940,256,-16624,-1048,2548,-13724,944
ForhandSlice, -4024,-13984,-5360,-116,-16572,3272,1884,-17768,1360
ForhandSlice, -13200,-14764,120,-4472,-14912,11948,356,-18892,360
ForhandSlice, -14760,-16400,-84,-3820,-14692,13576,2756,-19256,-864
ForhandSlice, -17292,-10680,-100,-8380,-11212,15496,304,-16888,-1916
ForhandSlice, -9944,-7148,-2300,-5596,-7780,8908,1912,-13936,-1928
ForhandSlice, -11496,-6200,684,-4036,-8216,11524,4992,-13568,-3136
ForhandSlice, -17884,-11336,5028,-4992,-10684,17588,7068,-19252,-556
ForhandSlice, -13388,-8872,8428,64,-7304,16080,8620,-12748,-352
ForhandSlice, -7160,-2440,9928,2940,-3260,11388,10856,-11608,-744
ForhandSlice, -6048,-18444,12764,10112,-11928,15528,11188,-11048,-4364
ForhandSlice, -8280,-31652,10136,13036,-23240,17424,15256,-17340,-2556
ForhandSlice, -1036,-32768,-8524,5884,-30676,4088,9812,-18960,-4300
ForhandSlice, 1924,-5136,-20136,-3324,-14656,-13604,-720,-9112,-9944
ForhandSlice, 648,4128,-12796,-6808,-11188,-8168,116,-9492,-16420
ForhandSlice, 6372,-64,-32768,-6400,-31684,-25040,14244,-32768,-22872
ForhandSlice, 32767,-32768,-20328,32767,-32768,-32768,32767,27140,-27440
ForhandSlice, -3676,-27048,-6748,8456,-21468,-7400,4744,-32768,-4200
ForhandSlice, 2796,-9988,1956,2888,-10236,2840,4804,-11420,3568
ForhandSlice, 7260,-12792,-12408,5140,-15024,-4336,6688,-8704,908
ForhandSlice, -3772,-14416,-7632,-632,-18284,4796,3796,-22692,-492
ForhandSlice, -12856,-12280,168,-5648,-13276,11764,2352,-20148,1688
ForhandSlice, -16436,-7352,-256,-9596,-9284,12840,996,-17952,1376
ForhandSlice, -13008,-8240,-148,-6404,-9304,11936,3020,-14396,-1396
ForhandSlice, -12664,-6304,-1844,-8352,-8632,9300,-24,-15808,-3308
ForhandSlice, -20908,-16756,4684,-7820,-14760,20792,5656,-20908,-2940
ForhandSlice, -10676,-5640,3748,-3284,-5700,11208,6392,-12308,-1368
ForhandSlice, -10352,-9004,7332,320,-7212,15368,10028,-12588,-1076
ForhandSlice, -16768,-10040,9444,-2460,-7688,19860,9264,-17040,2592
ForhandSlice, -244,876,8672,5612,-336,5596,7236,-7504,-5616
ForhandSlice, 6652,-32768,14780,23560,-29156,15216,19680,-12740,-3292
ForhandSlice, -2028,-32768,-4600,13256,-32768,4532,6492,-26852,-4312
ForhandSlice, 11704,-10288,-24148,640,-16180,-15240,2460,-13516,-5284
ForhandSlice, 5632,9880,-5064,816,728,-9868,-948,-1488,-6464
ForhandSlice, -3496,-4388,-26092,-9296,-24112,-10964,2896,-21212,-22324
ForhandSlice, 32767,-27208,-32768,32767,-27632,-20700,9188,-32768,-1900
ForhandSlice, 2676,-32768,4004,4828,-22280,1184,6008,-18176,5532
ForhandSlice, 8748,-11980,-14748,7244,-17668,-12400,11280,-9416,144
ForhandSlice, 2268,-12636,-7800,1044,-10904,-2156,4992,-16860,-192
ForhandSlice, 984,-9360,-10216,2516,-14692,-2724,5256,-12016,1008
ForhandSlice, -8352,-8700,-5316,-6156,-14220,4208,1632,-21892,-236
ForhandSlice, -16996,-10488,1872,-8244,-11744,15400,2404,-19508,-1076
ForhandSlice, -11964,-10460,3668,-4524,-8980,11276,3048,-14576,-716
ForhandSlice, -12940,-6784,-672,-5344,-10480,10180,3352,-12800,-2432
ForhandSlice, 12308,-29208,-9812,20984,-17696,-8084,11516,-26364,1136
ForhandSlice, 4828,-12212,-12560,6136,-14648,-7888,12156,-12084,656
ForhandSlice, 5920,-12312,-14236,2516,-17632,-1876,7320,-14964,-72
ForhandSlice, -4000,-8576,-9936,-2156,-15484,-1168,1604,-16620,1376
ForhandSlice, -9676,-9752,152,-5356,-8360,10296,408,-17680,2116
ForhandSlice, -12860,-8924,2084,-7100,-9368,11112,1364,-14136,1888
ForhandSlice, -10876,-10068,2968,-2688,-9560,11292,3112,-13124,288
ForhandSlice, -11248,-9868,24,-4696,-11172,9928,3340,-14092,-1776
ForhandSlice, -12372,-14184,2764,-2952,-12476,12972,6604,-17816,-3016
ForhandSlice, -15436,-14328,5008,-2220,-14444,16768,9408,-17512,-3216
ForhandSlice, -10568,-10496,4216,-780,-9836,12064,7340,-12548,-2820
ForhandSlice, -8468,-9924,3920,844,-8920,11404,8856,-11168,-3912
ForhandSlice, -8112,-11176,13448,7600,-6820,16024,15996,-12896,-1892
ForhandSlice, 388,-14724,15840,14900,-8756,8556,14568,-7508,-7428
ForhandSlice, 13084,-28176,11944,24092,-18940,4060,15996,-9296,-5872
ForhandSlice, 6528,-32768,548,18108,-32768,5356,14196,-19612,-2244
ForhandSlice, 6336,-25636,-21008,2048,-26884,-8704,4588,-18624,-2448
ForhandSlice, 5412,4916,-4984,-2908,-268,-6956,-1976,-7964,-6356
ForhandSlice, -10900,-7136,1228,-4164,-8664,10028,3952,-12928,-1244
ForhandSlice, -13248,-17080,1740,-3792,-14096,14748,5728,-18624,-6580
ForhandSlice, -11992,-15924,5544,972,-14212,14804,9660,-15848,-3240
ForhandSlice, -8928,-11696,4792,1692,-11320,11204,8796,-11036,-3060
ForhandSlice, -8496,-10900,8424,3276,-8988,12996,10524,-12192,-752
ForhandSlice, -2092,-9684,14576,11236,-8372,10356,14176,-10680,-4004
ForhandSlice, 4188,-19480,11084,15832,-13124,5648,14260,-10648,-7320
ForhandSlice, 4632,-32768,9732,20512,-25720,9388,18556,-12232,-5600
ForhandSlice, 1016,-31668,-10164,7308,-29112,2640,8584,-20816,3200
ForhandSlice, 1752,3168,-6256,-4224,-1248,-4856,-2228,-3720,-5348
ForhandSlice, 748,4084,-15740,-7480,-11744,-14128,-332,-12264,-10960
ForhandSlice, 22652,-19824,-32768,9132,-32768,-18556,11604,-32520,-12212
ForhandSlice, 27800,-32768,-32768,20668,-32768,-31188,32767,15544,-6144
ForhandSlice, 6712,-14044,-10980,5476,-15408,-8528,10600,-8784,-988
ForhandSlice, 3644,-6864,-6408,1092,-6560,-5236,6468,-12160,1496
ForhandSlice, 832,-16624,-13932,392,-17532,-5304,4048,-11896,1680
ForhandSlice, -8812,-12224,-3308,-3072,-15816,9416,452,-23312,1692
ForhandSlice, -12548,-14584,-608,-6636,-13804,8960,-1132,-14952,1664
ForhandSlice, -9472,-9180,-1120,-4604,-10860,8792,2544,-13844,-604
ForhandSlice, -10228,-7248,-936,-7536,-8656,8972,768,-17516,-4720
ForhandSlice, -13808,-10716,-352,-6408,-12704,12360,5308,-17360,-3196
ForhandSlice, -12704,-13716,3796,-912,-13160,14668,9280,-15224,-3044
ForhandSlice, -12940,-12560,6920,268,-10672,16452,9772,-14476,-2040
ForhandSlice, -9428,-11076,5976,1248,-9392,12536,9464,-11348,-2276
ForhandSlice, -6272,-7876,9792,5844,-5644,12084,13688,-10324,-1360
ForhandSlice, -276,-16272,15020,14148,-11224,10776,14012,-7280,-6704
ForhandSlice, 2112,-32768,16392,22148,-19372,14088,17020,-13532,-9028
ForhandSlice, -124,-32768,5948,20524,-32660,10628,8292,-22120,-5116
ForhandSlice, 4276,-15264,-15480,44,-17904,-5940,3552,-12520,-2948
ForhandSlice, 2380,7740,-8524,-4260,-2312,-7768,-4008,-4524,-8296
ForhandSlice, -3364,420,-17252,-8988,-15416,-6292,4896,-18476,-15808
ForhandSlice, 32767,-25948,-32768,32767,-32768,-10804,4752,-32768,13256
ForhandSlice, 8792,-15716,-14232,7620,-16828,-9916,9564,-16232,-10424
ForhandSlice, 6336,-21612,5032,11184,-19568,2024,9452,-12608,2964
ForhandSlice, -3492,-16968,544,3660,-14416,7420,8284,-10748,2760
ForhandSlice, -8596,-11596,-868,-3180,-13436,6948,2728,-15812,3448
ForhandSlice, -15316,-7636,2860,-6956,-7168,14448,-304,-19044,4672
ForhandSlice, -15956,-7252,2204,-7060,-7680,14800,616,-15976,3916
ForhandSlice, -14304,-7420,2216,-6600,-7504,12824,852,-14192,1248
ForhandSlice, -9804,-8200,2580,-4212,-8036,10716,4136,-14728,-176
ForhandSlice, -15312,-9604,5368,-4436,-9204,16920,5440,-17844,1752
ForhandSlice, -15312,-12032,7664,-2532,-9920,18172,6908,-17688,332
ForhandSlice, -12692,-10092,6664,-560,-8892,15636,7396,-13580,172
ForhandSlice, -7540,-7076,8824,3224,-5984,12816,11428,-12248,-204
ForhandSlice, -180,-10876,8844,10444,-6252,8172,13120,-12448,-4428
ForhandSlice, 6432,-7044,-18272,-1532,-10948,-11072,212,-8712,-6176
ForhandSlice, 1196,8900,-5424,-4892,-940,-7336,-148,-7304,-10928
ForhandSlice, 17604,984,-32768,3932,-26716,-22924,17464,-31668,-17892
ForhandSlice, 32767,-32768,-9900,32767,-32768,-29384,32767,12912,-29480
ForhandSlice, 9308,-16312,-6404,2840,-15428,-5080,12320,-10820,-4964
ForhandSlice, 6496,-10996,-13172,14304,-19216,-8456,8344,-12316,3620
ForhandSlice, -1056,-16148,-9504,2096,-15488,1196,3808,-15308,3540
ForhandSlice, -5052,-9252,-7572,-4620,-12920,1720,328,-21100,1956
ForhandSlice, -15280,-4200,4864,-8808,-5336,13612,-1684,-15968,4236
ForhandSlice, -3824,-27672,19036,18680,-18324,17188,16856,-13036,-7300
ForhandSlice, -3688,-32768,3340,15188,-31368,12812,7136,-22804,-1116
ForhandSlice, 6660,-10556,-18152,-996,-15316,-9824,1788,-12672,-3332
ForhandSlice, 3064,5944,-8252,-2800,-2096,-10356,-2620,-3836,-7000
ForhandSlice, 6120,260,-22656,-3616,-18080,-14356,4140,-16712,-13468
ForhandSlice, 32767,-32768,-30140,32767,-32768,-12236,13900,-32768,-8076
ForhandSlice, 17292,-3028,-18000,1456,-3508,-27940,6052,-32768,-9016
ForhandSlice, 12964,-16392,-7920,14924,-17648,268,10008,-16264,924
ForhandSlice, 4072,-15484,-6072,4936,-15952,676,7488,-11156,3348
ForhandSlice, -8732,-8468,-2132,-5152,-11980,3860,-796,-11372,1560
ForhandSlice, -11208,-7256,732,-6048,-8372,8792,-720,-15520,1168
ForhandSlice, -12788,-8660,4780,-5700,-6176,13652,1204,-15036,2076
ForhandSlice, -13788,-4952,1392,-6720,-7008,11988,604,-13528,-944
ForhandSlice, -14356,-9112,1464,-6256,-10548,13844,4636,-18900,-1120
ForhandSlice, -17032,-11920,4944,-4776,-10232,17696,5520,-18752,100
ForhandSlice, -12020,-8636,2352,-2776,-8564,12476,4840,-13404,-1152
ForhandSlice, -7732,-3192,7136,1724,-2336,11732,9208,-11916,-336
ForhandSlice, -6148,-15136,14844,10788,-10684,14468,14752,-10064,-1992
ForhandSlice, -3928,-16132,11368,11608,-13292,11044,14188,-12472,-8476
ForhandSlice, -548,-28704,17608,19900,-18648,15588,18104,-12576,-6020
ForhandSlice, 1120,-32768,-12,14672,-31088,8620,10840,-22540,-248
ForhandSlice, -160,-6488,-15368,-5268,-12868,-5940,1432,-11568,-2244
ForhandSlice, 2100,4792,-9552,-3168,-5868,-8772,-1212,-4752,-8456
ForhandSlice, 2236,-10076,-26488,-2780,-24512,-6132,10032,-17672,-12376
ForhandSlice, 32767,-32768,-32768,32767,-32768,-26972,32767,-29204,-3508
ForhandSlice, 22892,-18924,-16320,14232,-13936,-15828,10296,-27064,344
ForhandSlice, 6252,-21856,-4620,10868,-18420,1092,9236,-15476,2572
ForhandSlice, -6164,-11368,1160,-852,-9996,10916,3192,-13832,2164
ForhandSlice, -10064,-8348,-816,-6136,-9776,7932,-680,-15564,2912
ForhandSlice, -15396,-7280,2072,-6992,-6940,12828,-508,-16064,3180
ForhandSlice, -13236,-10532,-616,-6800,-9524,11788,372,-15996,2460
ForhandSlice, -12908,-7108,-680,-7252,-9232,11532,780,-15216,-784
ForhandSlice, -17248,-10848,1896,-6028,-11352,16336,4680,-19856,1092
ForhandSlice, -16092,-8104,4424,-4508,-7788,15928,4544,-16960,2216
ForhandSlice, -10804,-8320,3252,-1424,-7764,11968,4780,-11756,764
ForhandSlice, -11092,-6080,7400,944,-5348,15028,9664,-13988,2608
ForhandSlice, 4160,-5736,14340,13300,-3880,5976,12916,-10524,-3608
ForhandSlice, 15316,-32768,12016,29864,-28964,2780,24012,-12464,-8308
ForhandSlice, 9108,-32768,-21696,6436,-32768,-6880,5280,-20388,-1908
ForhandSlice, 3004,-196,-12620,-3560,-6772,-7808,-2856,-6164,-6432
ForhandSlice, 1040,8928,-4176,-4432,460,-7140,-1792,-5984,-8768
ForhandSlice, 12228,6592,-24100,-352,-14740,-20588,14260,-26628,-11396
ForhandSlice, 32767,-32768,-32768,32767,-32768,-25412,32767,6064,-28056
ForhandSlice, 13516,-24300,-12380,12444,-21600,-10016,11500,-31656,-1744
ForhandSlice, 6640,-16944,-8408,5816,-17252,-444,9084,-20044,3460
ForhandSlice, 404,-12880,-3264,2736,-10820,2572,4120,-14996,1184
ForhandSlice, -10920,-8432,-388,-5032,-10152,10164,-1424,-16740,4996
ForhandSlice, -15296,-4448,3408,-6800,-6076,14616,872,-14992,3400
ForhandSlice, -13664,-6744,-624,-7352,-8564,11208,372,-15260,292
ForhandSlice, -10224,-7136,-832,-4484,-8564,9432,3060,-15360,-408
ForhandSlice, -13912,-8056,332,-5320,-10052,13816,4780,-16768,-1172
ForhandSlice, -17464,-15008,2456,-3800,-13968,17404,7796,-19116,-2592
ForhandSlice, -13396,-11868,3732,-1532,-11056,14332,7016,-14764,-1104
ForhandSlice, -8364,-7208,11268,5012,-4672,14052,11360,-8372,-320
ForhandSlice, 1756,-12540,16048,13848,-8200,10728,15076,-10704,-2160
ForhandSlice, 7196,-9660,-18992,-1196,-14108,-10832,232,-12840,-5048
ForhandSlice, 1040,1864,-18920,-5580,-13772,-9688,2052,-14168,-13328
ForhandSlice, 15988,-14844,-32768,212,-32768,-25504,18292,-32768,-11096
ForhandSlice, 25804,-32768,-18088,21176,-32768,-18180,32767,22384,-2320
ForhandSlice, 8184,-15840,-8888,5464,-16536,-7352,12052,-8364,1484
ForhandSlice, 972,-5604,-3432,-620,-6200,-1824,3660,-18624,904
ForhandSlice, -5424,-10172,-6112,-4960,-9656,5152,1760,-24036,-1120
ForhandSlice, -16180,-10464,380,-6732,-10480,12696,-92,-17516,2856
ForhandSlice, -14988,-8328,-936,-8104,-11300,11824,1020,-16940,-140
ForhandSlice, -12100,-5612,-152,-6672,-8316,10304,964,-14192,-472
ForhandSlice, -10960,-6240,-2116,-7248,-8788,8204,1728,-16224,-3256
ForhandSlice, -17780,-14192,4720,-3216,-13528,18140,7420,-17956,-840
ForhandSlice, -14404,-10832,7920,324,-8960,16660,9128,-13384,-756
ForhandSlice, -9752,-9172,6224,1580,-7064,12828,8576,-10212,-104
ForhandSlice, -6588,-3144,10704,5020,-2704,12172,11104,-9428,-1244
ForhandSlice, -4144,-20668,14048,14072,-13360,13156,16948,-12476,-6956
ForhandSlice, -88,-32728,20720,23448,-21772,14964,17304,-12148,-6404
ForhandSlice, 5108,-32768,-5564,11420,-31504,736,6760,-19956,-2280
ForhandSlice, 4444,420,-15716,-2752,-9876,-10868,212,-8104,-7284
ForhandSlice, -1588,-1252,-12168,-6308,-10024,-5184,2128,-11200,-9876
ForhandSlice, 14384,-6288,-32768,192,-29744,-24652,13060,-28352,-12876
ForhandSlice, 32767,-32768,-27388,32767,-32768,-26052,32767,2740,-10832
ForhandSlice, 12932,-14792,-4952,10608,-14184,-8288,5080,-23424,32
ForhandSlice, 5824,-9880,-5504,4556,-12584,772,4316,-13968,3120
ForhandSlice, 4100,-16776,-9684,2572,-15264,-2144,5064,-13152,1840
ForhandSlice, -13080,-5636,-5380,-11124,-10524,9096,-556,-16328,1772
ForhandSlice, -16908,-5356,-4000,-11528,-8404,11340,-768,-17300,-184
ForhandSlice, -12924,-7440,-732,-7856,-9332,9724,1564,-15608,-2316
ForhandSlice, -11860,-4984,-5036,-8380,-7980,7940,1200,-15264,-3232
ForhandSlice, -18376,-14444,796,-7400,-15172,15728,5536,-17724,-3432
ForhandSlice, -16752,-12240,3096,-3196,-12176,17148,9756,-17172,-1864
ForhandSlice, -11660,-7472,3248,-2708,-7864,11968,6820,-12300,-1936
ForhandSlice, -5748,-4832,7400,3296,-3988,10476,12280,-10888,-1596
ForhandSlice, -2844,-20252,13120,13540,-15044,12072,15500,-11068,-5144
ForhandSlice, 1448,-25892,12936,18428,-19100,8872,18376,-11468,-7732
ForhandSlice, 3800,-32768,10292,21332,-26812,10860,16604,-14148,-4216
ForhandSlice, 1776,-21740,-15972,748,-23388,-2064,3460,-19096,556
ForhandSlice, -536,76,-10156,-5648,-5228,-5792,-2048,-6912,-4484
ForhandSlice, 764,5880,-13320,-6780,-7108,-9788,-592,-11304,-8688
ForhandSlice, 19960,-5180,-32768,3384,-31016,-23476,15052,-25980,-10048
ForhandSlice, 26304,-32768,-32768,28688,-32768,-20956,32767,8144,4200
ForhandSlice, 5300,-17708,-372,9112,-15724,-708,10968,-15568,2968
ForhandSlice, 2980,-13728,-9264,5460,-15136,-2288,6600,-13152,3896
ForhandSlice, 4488,-14096,-15036,2476,-17000,-3700,4016,-16760,688
ForhandSlice, -9780,-8680,-2420,-5412,-11108,9116,-1424,-18236,-40
ForhandSlice, -13976,-2648,2516,-8020,-5772,11612,360,-16380,316
ForhandSlice, -15972,-3836,-844,-7980,-7292,11796,864,-14664,-1096
ForhandSlice, -15648,-7312,352,-7760,-8784,12848,2660,-15684,-2640
ForhandSlice, -17140,-13516,4360,-5076,-12320,18224,8456,-20128,-760
ForhandSlice, -12052,-7880,9152,-544,-6984,14912,7964,-12608,-216
ForhandSlice, -5412,-4224,7676,3180,-4008,10356,9616,-9532,-1144
ForhandSlice, -4472,-11596,14380,9808,-8544,13800,13748,-11116,-3660
ForhandSlice, -5504,-28060,20672,20280,-18508,18452,17468,-13696,-8448
ForhandSlice, -1128,-32768,3820,12844,-28748,8400,6752,-20276,-2544
ForhandSlice, 6496,-8132,-19692,-1988,-13284,-11960,100,-8984,-7268
ForhandSlice, 1660,4688,-10536,-4584,-4548,-9280,320,-8604,-12892
ForhandSlice, -11044,-11824,1136,-3180,-12704,11032,6244,-14772,-2112
ForhandSlice, -14720,-15388,4772,-1712,-14808,16808,9084,-17408,-2488
ForhandSlice, -13504,-13548,5888,-180,-11864,15360,9380,-13508,-3096
ForhandSlice, -11024,-11164,6080,1596,-10724,13324,9240,-10792,-1988
ForhandSlice, -6816,-10448,13256,6840,-7776,14360,15196,-11112,396
ForhandSlice, -2752,-10256,8820,9108,-9508,8824,15012,-10616,-3560
ForhandSlice, 6652,-15908,11140,14880,-13444,5360,14684,-8804,-7156
ForhandSlice, 4300,6412,-7444,-1396,-1564,-6184,684,-5268,-7560
ForhandSlice, 3036,-5156,-23352,-5084,-21192,-12320,7036,-22500,-15960
ForhandSlice, 32767,-29356,-32768,32767,-32768,-32768,29592,-32072,-2528
ForhandSlice, 2608,-25420,-1988,8780,-20024,2768,8832,-30592,4984
ForhandSlice, 4840,-14544,-11072,3068,-14884,-8608,4388,-16964,-928
ForhandSlice, 4952,-14584,-15568,5456,-18656,-3920,6360,-9448,1476
ForhandSlice, -2096,-12252,-3496,-504,-14360,4820,4264,-19844,-8
ForhandSlice, -12960,-5660,2200,-8204,-10012,9788,824,-18084,-1108
ForhandSlice, -11732,-8804,-104,-6908,-11216,9800,1128,-14740,-2328
ForhandSlice, -13112,-10128,-724,-6096,-10692,10660,736,-15204,-3320
ForhandSlice, -10276,-12076,168,-1936,-15332,12400,7320,-14340,-3496
ForhandSlice, -12556,-11248,4284,-848,-11976,14900,9012,-17588,-2540
ForhandSlice, -14356,-13140,7472,796,-11452,16696,10572,-14956,-2056
ForhandSlice, -10364,-11616,5672,2032,-10268,12852,9372,-11016,-2632
ForhandSlice, -2624,-4752,7724,5900,-6204,8332,13100,-10188,-1632
ForhandSlice, 12088,-20252,8172,15300,-17096,2480,12436,-7380,-3580
ForhandSlice, 13944,-25472,-2656,16224,-19980,-5044,16760,-11948,-9144
ForhandSlice, 16756,-30760,-2176,18684,-25644,-3392,16248,-14232,-6544
ForhandSlice, 6620,-24196,-22244,4016,-27576,-6952,3952,-19420,1316
ForhandSlice, 5816,4852,-8460,-1360,-2536,-7928,1740,-4952,-5212
ForhandSlice, 76,8000,-13032,-7652,-6540,-11500,-1216,-14016,-10820
ForhandSlice, 31476,5856,-32768,6604,-32768,-32768,16964,-32768,-6852
ForhandSlice, 14652,-32768,-26628,13928,-32768,-11680,24572,6484,13424
ForhandSlice, 7124,-21556,-884,10304,-17468,-3048,10520,-8060,3720
ForhandSlice, 2496,-14368,-5712,904,-13476,1552,4420,-13616,3656
ForhandSlice, 1988,-18616,-14380,1408,-20036,-3716,4804,-13764,924
ForhandSlice, -5588,-9900,-7200,-5796,-13480,3760,-880,-17240,2016
ForhandSlice, -11152,-6428,-1096,-8280,-7840,9648,-328,-16544,712
ForhandSlice, -15128,-4008,-204,-9372,-7172,12628,-4,-15336,-740
ForhandSlice, -12668,-9024,-1832,-7340,-10908,10172,1192,-15468,-2460
ForhandSlice, -12716,-10068,-260,-5100,-11860,11656,5996,-16524,-4172
ForhandSlice, -14532,-13064,4180,-2644,-11844,15468,8172,-16856,-736
ForhandSlice, -14560,-12628,4088,-2720,-12052,14748,7080,-15580,-2312
ForhandSlice, -10016,-10784,2188,-880,-9124,11440,6460,-11648,-1548
ForhandSlice, -8648,-8096,11420,5668,-7460,14468,14864,-12016,-2424
ForhandSlice, -5592,-20532,12868,11320,-12588,14272,15140,-9876,-5528
ForhandSlice, 4924,-19476,11248,16624,-13940,6696,14880,-11124,-10208
ForhandSlice, 3480,-32768,11292,22304,-26856,11116,18592,-14416,-7388
ForhandSlice, 2352,-19492,-17084,-272,-21460,-5188,2160,-14916,-460
ForhandSlice, 644,2864,-8984,-5088,-4072,-5600,-752,-6420,-3900
ForhandSlice, 3644,2584,-20408,-4872,-13392,-13060,2892,-16972,-11988
ForhandSlice, 32767,-15092,-32768,14624,-32768,-23524,16196,-32768,-8016
ForhandSlice, 10524,-25840,-7664,15864,-21420,-8292,10312,-23080,2908
ForhandSlice, 4484,-17068,-9744,5016,-16904,-3304,6664,-13532,3912
ForhandSlice, 3884,-14204,-8264,3588,-15200,-1480,4748,-14344,788
ForhandSlice, -3784,-13268,-5472,-2020,-14992,5180,3356,-15920,172
ForhandSlice, -12412,-8188,3412,-6092,-8688,12860,660,-15392,1192
ForhandSlice, -13456,-8848,2644,-5484,-8316,11040,2404,-14864,-308
ForhandSlice, -11464,-12232,1224,-6016,-10304,11028,2568,-16140,-3552
ForhandSlice, -12588,-12692,792,-4904,-13612,14216,5540,-17368,-3360
ForhandSlice, -15564,-13284,3872,-3668,-11276,15496,8420,-18932,-964
ForhandSlice, -144,10128,-3948,-4600,968,-5568,-1632,-6868,-5772
ForhandSlice, 1416,-1664,-20524,-6356,-17448,-11596,4784,-20840,-15360
ForhandSlice, 32767,-22840,-32768,18064,-32768,-27188,23200,-32768,-3416
ForhandSlice, 16036,-32768,-1632,15348,-24048,-7628,8328,1268,9212
ForhandSlice, 4420,-17820,-5492,4596,-16176,-1296,10388,-6376,-508
ForhandSlice, -128,-12436,-4716,-6160,-10132,10480,3920,-13808,700
ForhandSlice, -5944,-13848,-11996,-5216,-18140,3068,-372,-14024,1040
ForhandSlice, -7016,-13088,-3660,-2140,-13996,5556,-1104,-16464,2280
ForhandSlice, -9304,-7460,-2948,-5616,-11572,6800,-3808,-9120,-2780
ForhandSlice, -12224,-8576,-20,-5568,-9800,10492,-564,-13424,1356
ForhandSlice, -11904,-8568,3188,-5280,-8236,11848,3780,-16364,796
ForhandSlice, -14176,-6724,2484,-5316,-7740,14384,2168,-18724,3216
ForhandSlice, -9432,-22628,5696,3060,-17812,13196,6656,-14088,868
ForhandSlice, -11444,-13720,2188,-1504,-13544,12432,5328,-18660,1264
