-11788
-10316
-11380
-11556
-12596
-13368
-584
18212
32767
32767
-756
26048
32767
32767
7972
-7124
-7120
-5588
-10344
-10912
-13464
-9104
-9928
-9400
-8236
6248
24128
32767
29352
16432
32767
32767
32767
-6400
-356
1780
-6988
-11468
-7068
-9552
-5632
-4404
-1940
-3912
-2360
9976
19240
31744
25116
15232
32767
32767
32767
1564
-8900
-6980
464
-3308
-4420
-7632
-7516
-5636
-1196
-2476
328
8092
21764
32767
30324
17896
27752
32767
32767
30376
-8864
-144
-9476
-7700
-6216
-7616
-5492
6996
20196
29856
23732
15300
23120
32767
32767
32767
-6264
316
-108
-6436
-9856
-8272
-12936
-9516
-9456
-10352
-9440
4480
15800
32767
23444
17896
32767
32767
32767
27084
-4812
-6620
-5404
-5092
-8356
-7160
-11308
-10388
-2712
-3864
-5592
2344
19552
30032
29252
15780
29496
32767
32767
32767
-11648
692
-6212
-11884
-12628
-8244
-4216
-2572
-4488
-4344
8392
22136
31060
25804
18748
32767
32767
32767
14780
-6004
-6056
-9280
17380
32767
32767
32767
12312
-9084
-4124
-3992
-5648
-4892
-4760
-9900
-6976
-6384
-6396
-700
10788
24444
32756
18960
21428
32767
32767
32767
192
-13696
-11636
-9296
-9656
-8760
-11172
-14684
-10780
-10736
32767
-6292
-10172
-6416
-8332
-11188
-12712
-11900
-8792
-6896
-6844
1376
13188
30556
24780
14416
28700
32767
32767
3408
-11264
-8324
-4992
-8912
-14996
-13884
-12744
-11380
-12268
25120
32408
24224
18052
32767
32767
32767
-7436
-9228
-7208
-5200
-5688
-9940
-8532
-6420
-5804
-6616
-220
13892
32767
27716
17356
32364
32767
32767
27716
-7448
-6300
-4580
-8924
-6200
5104
24712
32767
29392
20812
32767
32767
32767
1972
-2272
2596
-7180
-9252
-8708
-9728
-8256
-4976
-5016
1828
12196
23028
32767
23476
27748
32767
32767
32767
-5052
-6004
-3980
-6360
-4476
-5672
-7336
-6736
5276
26952
31348
18160
32767
32767
32767
-7948
-10116
-9272
-9700
-9256
-10584
-10820
-10164
-9036
-5836
3400
17060
30316
28016
18040
32048
32767
32767
32767
-2832
-2116
-1812
-10804
-12020
-9824
-8768
-6400
-7120
-1940
6172
13564
24304
18264
14340
22324
32767
32767
32767
-476
-6520
-4136
-8456
-11468
-10436
-13032
-12004
-10228
-8968
-2212
4044
7216
10632
11568
5156
11796
32767
32767
26544
-13956
-16264
-9456
-14504
-12764
-19084
-15832
-13140
