-11640
-11316
-12228
-10148
-11120
-6348
216
-6648
-16264
-14120
-12948
-32768
-32768
2320
26296
5512
8952
-6536
-12676
-20876
-18084
-14176
-18596
-13304
-9712
-7656
-2768
-7556
-13768
-21204
-32768
-32768
32767
10660
14756
-8472
-9040
-20992
-22344
-16424
-16056
-16508
-17068
-14108
-14180
-8208
-5332
-7008
-18272
-20392
-32768
-32768
11332
27380
8660
9148
7300
-14116
-20316
-21168
-15552
-17876
-19948
-16884
-14484
-6288
-1592
-8120
-13656
-9812
-21032
-32768
-4460
28952
6384
9868
-19352
-17356
-14680
-17536
-15468
-10004
-3108
-14644
-17184
-11356
-26700
-32768
-29668
29032
6940
11572
-3180
-9428
-17128
-21928
-19068
-14256
-16272
-15656
-15260
-10068
-2356
-9088
-7964
-9312
-23484
-27396
-16320
32767
9840
9232
-360
-9840
-18120
-17812
-15940
-13012
-17116
-18504
-18248
-10328
-3456
-7472
-17424
-13564
-32104
-32768
-23240
30288
8628
-1468
-12236
-13568
-7056
-19928
-13404
-12580
-20592
-12960
-9544
-6640
-5828
-10836
-9288
-32384
-29944
5488
32767
10392
892
-6876
-3496
-12560
-20292
8296
32767
6708
11408
-7204
-11580
-17180
-18568
-19404
-15744
-17728
-15472
-13172
-11136
-4160
-10708
-3660
-12252
-27720
-17212
23804
20528
5040
4384
-1788
-7172
-8040
-16048
-15576
-16744
-15504
30636
12848
12484
1164
-5080
-7976
-24116
-13524
-14516
-16112
-11784
-11352
-5480
-7640
-13320
-14964
-32768
-32768
28292
32767
6932
11612
-4808
-10820
-16164
-13940
-13320
-15612
-13692
-3636
-7816
-14824
-12636
-32768
-32768
13472
12652
3772
9412
15872
-11876
-15496
-18732
-19400
-18044
-21236
-16104
-3988
-4472
-5116
-9892
-26152
-32768
-11792
32767
5876
4912
-2368
-15984
-14616
-7064
-8984
-248
-7992
-12532
-32768
-9836
21992
22176
13284
-3284
-11020
-13392
-22328
-17228
-18732
-19312
-17680
-11924
-8828
-1488
-8656
-10652
-30348
-32768
-20400
30900
6656
13416
2796
-6860
-12028
-17264
-23768
-18968
-11460
-9388
-9900
-9948
-32768
-2400
32767
15756
13572
2656
-1692
-10676
-17524
-18880
-18644
-18868
-13820
-9036
-5724
-10136
-8768
-13996
-25032
-32768
-1016
32767
5596
13656
-9112
-18520
-21412
-22268
-18372
-19564
-16128
-9916
-6708
-12096
-11740
-14428
-12756
-22156
-32768
-32768
12740
22376
15572
5656
-15080
-12168
-14708
-16764
-15980
-19896
-15236
-10200
-11576
-15412
-18572
-20012
-19732
-32768
-32768
-32768
30788
5544
5368
-452
-684
-2536
-6916
-6992
-6864
