,11512,-11900,1036
,-12352,-11328,860
,-11956,-13328,796
,-13332,-11008,5052
,-10920,-7016,13660
,-2880,-10596,13288
,10080,-20256,7840
,20240,-17052,7300
,19268,-24184,12036
,6708,-22076,8124
,12744,-32768,9952
,32767,-32768,30516
,32767,664,26104
,-2616,25624,8960
,-11184,3768,12900
,-3912,6348,9936
,-6544,-12028,4836
,-14820,-10688,2504
,-16748,-14348,2196
,-13688,-10496,-1732
,-11860,-10260,-1288
,-9284,-10984,304
,-9864,-21860,2472
,-10984,-15280,6260
,-9988,-13360,13808
,2364,-12732,18400
,18036,-6760,5380
,32767,-11460,8508
,27340,-13580,4548
,24844,-23460,7332
,32767,-32768,-264
,32767,-27816,-3856
,32767,20888,4748
,-5980,13676,10568
,-9880,4264,10356
,-5808,5948,6184
,-6300,-13200,6232
,-14444,-12952,5148
,-13892,-16188,2328
,-11700,-15288,1300
,-9080,-11020,-1924
,-8996,-17872,-888
,-7072,-18032,3396
,-5456,-15928,5148
,-6264,-14532,12736
,6688,-11896,18532
,22252,-9704,5004
,23124,-9916,1844
,24484,-13236,5372
,14828,-17848,9616
,26856,-20932,10984
,32767,-32768,13988
,32767,-32,-924
,4428,26696,13964
,-11104,756,10640
,-9780,5260,11252
,-4420,3932,3132
,-6204,-17736,6152
,-8520,-21768,1772
,-7128,-17940,1700
,-10568,-18208,1816
,-5816,-16788,672
,-5356,-12924,1508
,-4348,-18688,3988
,-5236,-15308,4368
,-5172,-14912,6740
,-1668,-13568,16336
,7392,-11536,12492
,16520,-13460,3252
,24732,-5980,7516
,21908,-13260,4888
,17472,-21304,5776
,30104,-32768,64
,32767,-32768,10944
,28456,29732,9256
,-11108,3540,11788
,-408,16968,12168
,-9640,2896,12564
,-7732,3680,13040
,-7064,-4792,5488
,-10972,-13436,8388
,-15024,-13760,3896
,-10556,-16576,1144
,-11852,-13292,40
,-8124,-15640,2504
,-8576,-15872,3072
,-6544,-15128,5064
,-6076,-12536,15912
,5548,-17680,19264
,16008,-14760,6800
,19004,-16596,7960
,14608,-21796,4436
,8072,-24108,6768
,13524,-30292,10740
,32767,-32768,17932
,32767,26232,7416
,-3740,22880,7076
,-10324,1212,13276
,-5888,4472,11040
,-3808,-332,5608
,-9764,-11408,-840
,-11368,-18680,2216
,-9608,-18980,-1376
,-10000,-13932,1668
,-7064,-15212,-980
,-4556,-18304,1592
,-5232,-17004,2448
,-6016,-16824,6708
,-2640,-14340,15040
,9904,-9340,12044
,23204,-17348,5052
,25100,-20208,5828
,15420,-23076,7524
,-11296,2268,8844
,-5816,1268,4964
,-3864,-8752,12760
,-7452,-19472,6668
,-9592,-19852,2012
,-10404,-17748,4196
,-6304,-19240,-1544
,-4724,-17280,4684
,-4052,-16736,9900
,868,-13832,13684
,8528,-14304,11408
,14948,-16948,5160
,7424,-20164,3776
,4432,-17196,6820
,744,-20688,10684
,2112,-32768,6384
,14612,-32768,18912
,32767,-21308,29240
,9776,28412,13900
,-13756,-2596,11800
,-11180,2460,11700
,-11140,-1372,8016
,-12936,-7124,4204
,-17328,-9660,-416
,-15316,-7660,196
,-12468,-11004,-524
,-11948,-10864,-3788
,-11312,-16592,-1932
,-11128,-15340,-36
,-9716,-15124,84
,-8572,-13780,2240
,-9820,-13760,5580
,-6156,-11096,8508
,7728,-22532,4492
,-124,-24560,3536
,12912,-32768,3388
,32767,-32768,32767
,32767,32767,17264
,-7780,6960,10544
,-12524,580,13312
,-10104,1420,8376
,-6868,-6812,5904
,-14864,-12464,-952
,-16976,-12540,-656
,-17012,-14948,2968
,-10428,-11876,380
,-9848,-11960,-1380
,-10276,-15928,-176
,-9068,-16424,1164
,-7444,-15692,2044
,-7256,-15048,5696
,-3060,-13096,9644
,4116,-14816,11436
,11680,-15800,9564
,10060,-19728,6272
,4384,-19388,6888
,2284,-24924,6464
,4568,-32768,6672
,32767,-32768,31268
,32767,22048,20588
,-6440,13760,11196
,-13704,192,11096
,-10200,1812,10912
,-8220,-724,4216
,-14332,-6984,312
,-14992,-10672,-108
,-13644,-9788,-1532
,-12060,-11640,-1636
,-9760,-14864,-2996
,-10424,-13936,-2772
,-11000,-16424,680
,-8340,-15280,1772
,-7388,-14328,2688
,-8436,-13792,8028
,-5104,-11552,12768
,4464,-15240,10224
,7632,-16928,6204
,9772,-16584,7508
,8336,-23504,8924
,4428,-27412,9048
,4264,-32768,5984
,32767,-32768,30836
,32767,8208,9876
,416,17252,12072
,-10236,2632,9180
,-6176,7904,9144
,-4844,-3996,8244
,-13924,-12208,6964
,-14900,-14040,4944
,-12592,-16108,-1108
,-8832,-12104,1120
,-8308,-12636,1012
,-9256,-17156,2988
,-7504,-15820,4020
,-8156,-15724,7536
,-736,-9988,18212
,9460,-13536,11652
,14844,-15284,6688
,17980,-16132,3064
,11996,-19912,5876
,6452,-25152,7552
,24644,-32768,6004
,32767,-32768,19648
,32767,32767,7068
,-6200,12008,11848
,-8136,3004,11948
,-6184,-564,6528
,-15620,-15096,5184
,-14552,-9532,2624
,-10444,-12644,-52
,-8784,-15880,2316
,-9328,-15868,2752
,-8108,-15208,3852
,-9068,-11620,11108
,-3224,-11096,11820
,4764,-10352,9848
,14252,-23820,7744
,12804,-20360,8480
,4528,-16948,8180
,3576,-20792,11280
,11784,-32768,9668
,32767,-32768,30864
,32767,25664,15948
,-8788,2336,13124
,-9948,-1640,12400
,-9956,-1644,5964
,-14756,-8532,1788
,-15764,-9860,-1008
,-12348,-11476,-1292
,-11124,-11660,-2624
,-10636,-16516,1876
,-10328,-16792,3008
,32767,11116,16632
,-4540,16748,8380
,-12416,3172,11852
,-8724,5040,10580
,-7896,-6120,8800
,-12684,-10032,844
,-13404,-12132,-1348
,-12984,-11832,-3480
,-10796,-12508,-3700
,-8976,-14124,-956
,-11200,-17668,-576
,-8856,-15848,-268
,-9088,-13852,2968
,-7752,-12220,11928
,4832,-13768,14124
,17124,-19448,8144
,24240,-13832,5352
,15776,-18220,6392
,13044,-29944,12032
,27196,-32768,1772
,32767,-29452,32767
,28736,23716,13972
,-10176,-340,12452
,-11492,-520,10784
,-8636,-668,8828
,-11712,-7664,6224
,-13412,-12256,4216
,-14692,-15924,1080
,-11644,-14072,-1556
,-10564,-13104,-1912
,-9440,-13720,1256
,-10252,-15448,2540
,-9724,-13584,4264
,-7244,-13044,12376
,3120,-12472,11164
,12656,-20840,9300
,13112,-17148,5288
,9668,-17032,8196
,32767,-15996,32767
,-3656,11292,14896
,-12760,2424,11504
,-8940,2408,8716
,-10012,-3900,4900
,-13724,-11476,3956
,-14552,-14740,4472
,-13840,-13756,2780
,-10292,-12600,-2500
,-7420,-13688,-136
,-7768,-15876,2364
,-6940,-15128,6292
,-7700,-12532,9508
,-3336,-10924,15076
,5428,-12824,10720
,20012,-14972,17084
,15928,-16956,7500
,9124,-21864,9364
,13936,-32768,11488
,32767,-32768,15704
,32767,21968,10608
,-6224,12504,10092
,-9836,1452,15124
,-8660,672,10028
,-11228,-6444,5700
,-11992,-9764,6176
,-11344,-13140,6488
,-12636,-15276,872
,-11600,-15388,1400
,-10496,-14408,4736
,-10392,-14432,7816
,-7472,-10360,13736
,1324,-6412,18348
,32436,-10524,7000
,30952,-13712,1864
,14896,-17840,8224
,11268,-21784,8392
,32767,-32768,13556
,32767,10432,5980
,3412,29172,10916
,-8516,-3008,11752
,-8856,-376,14296
,-9068,-2012,10684
,-13436,-7056,1496
,-12956,-8064,700
,-10908,-14436,1692
,-13784,-11764,-1404
,-8760,-16228,-476
,-11700,-19120,3424
,-8724,-15192,7820
,-6316,-11316,12248
,1556,-10464,13012
,18328,-6640,13504
,27356,-7468,8992
,16932,-27016,3864
,11612,-26556,8596
,32767,-32768,8684
,32767,4312,16432
,5448,25448,11308
,-9892,-2368,13436
,-9192,2276,11468
,-8248,-8004,2884
,-13700,-9180,3524
,-12344,-12920,9072
,-11928,-14364,-2368
,-13132,-12472,-3468
,-9804,-12380,-1520
,-9356,-15384,1604
,-8536,-15132,4588
,-8268,-14288,7256
,-4332,-12192,13168
,7396,-12260,12364
,5708,-28328,9680
,-9748,-3400,8588
,-11180,-8604,3664
,-16808,-8012,-1684
,-13216,-7144,-1268
,-9720,-11684,-5100
,-11132,-17116,-5244
,-14316,-17596,-1208
,-8540,-14336,820
,-6900,-13268,1760
,-8188,-13972,2040
,-8272,-13704,1720
,-9028,-13796,1652
,-8076,-12656,3432
,-10336,-15284,-16
,-7396,-13400,-2664
,-5348,-13328,-396
,-8840,-13188,1772
,-10260,-14712,772
,-8148,-12360,164
,-7820,-14260,876
,-7532,-15100,652
,-7716,-14624,140
,-7844,-14840,896 // 1 end
,-11788,-11640,4920
,-10316,-11316,4044
,-11380,-12228,4556
,-11556,-10148,5052
,-12596,-11120,4724
,-13368,-6348,18008
,-584,216,15732
,18212,-6648,7532
,32767,-16264,-1320
,32767,-14120,2164
,-756,-12948,11492
,26048,-32768,23324
,32767,-32768,8088
,32767,2320,-17620
,7972,26296,9944
,-7124,5512,12188
,-7120,8952,4272
,-5588,-6536,6032
,-10344,-12676,9524
,-10912,-20876,4796
,-13464,-18084,8452
,-9104,-14176,5600
,-9928,-18596,6056
,-9400,-13304,11328
,-8236,-9712,17076
,6248,-7656,19488
,24128,-2768,4964
,32767,-7556,-8996
,29352,-13768,236
,16432,-21204,10572
,32767,-32768,128
,32767,-32768,-32768
,32767,32767,-24196
,-6400,10660,10064
,-356,14756,3328
,1780,-8472,13140
,-6988,-9040,6744
,-11468,-20992,5484
,-7068,-22344,6696
,-9552,-16424,4440
,-5632,-16056,2600
,-4404,-16508,3824
,-1940,-17068,7020
,-3912,-14108,8848
,-2360,-14180,18776
,9976,-8208,13144
,19240,-5332,1908
,31744,-7008,-4148
,25116,-18272,2244
,15232,-20392,9728
,32767,-32768,16128
,32767,-32768,-120
,32767,11332,2568
,1564,27380,7024
,-8900,8660,10172
,-6980,9148,11160
,464,7300,3536
,-3308,-14116,5528
,-4420,-20316,4336
,-7632,-21168,7256
,-7516,-15552,7452
,-5636,-17876,3868
,-1196,-19948,5868
,-2476,-16884,13148
,328,-14484,17864
,8092,-6288,13064
,21764,-1592,1560
,32767,-8120,-2992
,30324,-13656,3656
,17896,-9812,7640
,27752,-21032,9604
,32767,-32768,-504
,32767,-4460,-26812
,30376,28952,2332
,-8864,6384,5056
,-144,9868,10500
,-9476,-19352,2264
,-7700,-17356,2320
,-6216,-14680,5824
,-7616,-17536,10200
,-5492,-15468,17768
,6996,-10004,14820
,20196,-3108,2668
,29856,-14644,-6612
,23732,-17184,2832
,15300,-11356,8936
,23120,-26700,912
,32767,-32768,10632
,32767,-29668,-32768
,32767,29032,-5680
,-6264,6940,8116
,316,11572,12392
,-108,-3180,6492
,-6436,-9428,8428
,-9856,-17128,8820
,-8272,-21928,4708
,-12936,-19068,1092
,-9516,-14256,4196
,-9456,-16272,5636
,-10352,-15656,8688
,-9440,-15260,12552
,4480,-10068,18300
,15800,-2356,7228
,32767,-9088,-12028
,23444,-7964,-4568
,17896,-9312,3028
,32767,-23484,2584
,32767,-27396,-12116
,32767,-16320,-32768
,27084,32767,2716
,-4812,9840,8540
,-6620,9232,14948
,-5404,-360,4180
,-5092,-9840,10260
,-8356,-18120,11300
,-7160,-17812,12596
,-11308,-15940,6104
,-10388,-13012,5292
,-2712,-17116,600
,-3864,-18504,1536
,-5592,-18248,10876
,2344,-10328,14960
,19552,-3456,128
,30032,-7472,3508
,29252,-17424,-1940
,15780,-13564,2568
,29496,-32104,6724
,32767,-32768,-1792
,32767,-23240,-636
,32767,30288,13220
,-11648,8628,4032
,692,-1468,7024
,-6212,-12236,5876
,-11884,-13568,10968
,-12628,-7056,14240
,-8244,-19928,8980
,-4216,-13404,3608
,-2572,-12580,5132
,-4488,-20592,7548
,-4344,-12960,14836
,8392,-9544,15124
,22136,-6640,2264
,31060,-5828,-8028
,25804,-10836,-876
,18748,-9288,7400
,32767,-32384,-4816
,32767,-29944,2712
,32767,5488,-26112
,14780,32767,10272
,-6004,10392,13188
,-6056,892,8788
,-9280,-6876,6040
,17380,-3496,1024
,32767,-12560,3060
,32767,-20292,-32768
,32767,8296,-32768
,12312,32767,-3760
,-9084,6708,12184
,-4124,11408,10900
,-3992,-7204,6976
,-5648,-11580,2812
,-4892,-17180,2320
,-4760,-18568,-660
,-9900,-19404,1060
,-6976,-15744,-1536
,-6384,-17728,6180
,-6396,-15472,8972
,-700,-13172,13348
,10788,-11136,11196
,24444,-4160,-624
,32756,-10708,-10980
,18960,-3660,-2388
,21428,-12252,3372
,32767,-27720,-17284
,32767,-17212,-32768
,32767,23804,-32768
,192,20528,17316
,-13696,5040,11788
,-11636,4384,10444
,-9296,-1788,8424
,-9656,-7172,2444
,-8760,-8040,6636
,-11172,-16048,2828
,-14684,-15576,1612
,-10780,-16744,4664
,-10736,-15504,7012
,32767,30636,18244
,-6292,12848,372
,-10172,12484,10284
,-6416,1164,5944
,-8332,-5080,7016
,-11188,-7976,10356
,-12712,-24116,14368
,-11900,-13524,4140
,-8792,-14516,4548
,-6896,-16112,10560
,-6844,-11784,14292
,1376,-11352,17192
,13188,-5480,9864
,30556,-7640,-3164
,24780,-13320,5520
,14416,-14964,8580
,28700,-32768,17488
,32767,-32768,2948
,32767,28292,-4896
,3408,32767,16140
,-11264,6932,8892
,-8324,11612,8324
,-4992,-4808,6276
,-8912,-10820,4612
,-14996,-16164,3064
,-13884,-13940,-4148
,-12744,-13320,-2612
,-11380,-15612,1444
,-12268,-13692,4228
,25120,-3636,1904
,32408,-7816,-4620
,24224,-14824,-3456
,18052,-12636,10940
,32767,-32768,9088
,32767,-32768,-7736
,32767,13472,804
,-7436,12652,7796
,-9228,3772,14888
,-7208,9412,16004
,-5200,15872,2880
,-5688,-11876,592
,-9940,-15496,3276
,-8532,-18732,924
,-6420,-19400,3844
,-5804,-18044,4560
,-6616,-21236,6744
,-220,-16104,15144
,13892,-3988,8528
,32767,-4472,-5036
,27716,-5116,-1040
,17356,-9892,6156
,32364,-26152,3860
,32767,-32768,-28864
,32767,-11792,-32768
,27716,32767,-24
,-7448,5876,9076
,-6300,4912,11252
,-4580,-2368,9256
,-8924,-15984,9672
,-6200,-14616,16236
,5104,-7064,16384
,24712,-8984,3836
,32767,-248,-13044
,29392,-7992,-3708
,20812,-12532,4632
,32767,-32768,-13588
,32767,-9836,-32768
,32767,21992,-21756
,1972,22176,10008
,-2272,13284,10232
,2596,-3284,9748
,-7180,-11020,7656
,-9252,-13392,3840
,-8708,-22328,4224
,-9728,-17228,1024
,-8256,-18732,768
,-4976,-19312,4484
,-5016,-17680,12224
,1828,-11924,17544
,12196,-8828,12528
,23028,-1488,-6396
,32767,-8656,-9948
,23476,-10652,604
,27748,-30348,6876
,32767,-32768,-32768
,32767,-20400,-32768
,32767,30900,-4660
,-5052,6656,10916
,-6004,13416,12616
,-3980,2796,12304
,-6360,-6860,5608
,-4476,-12028,3964
,-5672,-17264,6124
,-7336,-23768,5564
,-6736,-18968,3312
,5276,-11460,14436
,26952,-9388,-5876
,31348,-9900,-5704
,18160,-9948,4720
,32767,-32768,976
,32767,-2400,-32768
,32767,32767,364
,-7948,15756,9848
,-10116,13572,6888
,-9272,2656,7092
,-9700,-1692,6348
,-9256,-10676,4232
,-10584,-17524,4744
,-10820,-18880,5072
,-10164,-18644,3556
,-9036,-18868,8976
,-5836,-13820,14304
,3400,-9036,14520
,17060,-5724,6744
,30316,-10136,-7220
,28016,-8768,-9848
,18040,-13996,252
,32048,-25032,4044
,32767,-32768,-10664
,32767,-1016,-32768
,32767,32767,11576
,-2832,5596,12320
,-2116,13656,2980
,-1812,-9112,4596
,-10804,-18520,1424
,-12020,-21412,772
,-9824,-22268,-2972
,-8768,-18372,-308
,-6400,-19564,3160
,-7120,-16128,11856
,-1940,-9916,14444
,6172,-6708,13412
,13564,-12096,2208
,24304,-11740,-420
,18264,-14428,372
,14340,-12756,2488
,22324,-22156,2380
,32767,-32768,17296
,32767,-32768,-19120
,32767,12740,4224
,-476,22376,3848
,-6520,15572,12088
,-4136,5656,8492
,-8456,-15080,3508
,-11468,-12168,544
,-10436,-14708,116
,-13032,-16764,1856
,-12004,-15980,6296
,-10228,-19896,6048
,-8968,-15236,9928
,-2212,-10200,11924
,4044,-11576,8964
,7216,-15412,8140
,10632,-18572,6320
,11568,-20012,10764
,5156,-19732,12072
,11796,-32768,17252
,32767,-32768,26212
,32767,-32768,8916
,26544,30788,13420
,-13956,5544,6292
,-16264,5368,5080
,-9456,-452,5204
,-14504,-684,264
,-12764,-2536,4300
,-19084,-6916,1396
,-15832,-6992,-728
,-13140,-6864,-1840//2end
,-8456,-13696,3260
,-8900,-12784,4388
,-6752,-11484,11156
,-6276,-15156,15412
,-1480,-32768,17888
,-6620,-32768,-284
,1384,-12288,-16848
,-1796,2700,-10364
,-12944,-10524,1292
,-10664,-8292,2256
,-11576,-8248,736
,-15076,-12172,4096
,-15272,-14336,8216
,-9828,-8700,6836
,-6048,-7000,16900
,7928,-18716,17432
,1704,-32768,5636
,2416,-32768,-18328
,3508,2316,-9692
,1824,1644,-14624
,18388,-7820,-32768
,32468,-32768,-32768
,11308,-24336,3296
,720,-7548,-2700
,12,-14016,-9940
,-4024,-13984,-5360
,-13200,-14764,120
,-14760,-16400,-84
,-17292,-10680,-100
,-9944,-7148,-2300
,-11496,-6200,684
,-17884,-11336,5028
,-13388,-8872,8428
,-7160,-2440,9928
,-6048,-18444,12764
,-8280,-31652,10136
,-1036,-32768,-8524
,1924,-5136,-20136
,648,4128,-12796
,6372,-64,-32768
,32767,-32768,-20328
,-3676,-27048,-6748
,2796,-9988,1956
,7260,-12792,-12408
,-3772,-14416,-7632
,-12856,-12280,168
,-16436,-7352,-256
,-13008,-8240,-148
,-12664,-6304,-1844
,-20908,-16756,4684
,-10676,-5640,3748
,-10352,-9004,7332
,-16768,-10040,9444
,-244,876,8672
,6652,-32768,14780
,-2028,-32768,-4600
,11704,-10288,-24148
,5632,9880,-5064
,-3496,-4388,-26092
,32767,-27208,-32768
,2676,-32768,4004
,8748,-11980,-14748
,2268,-12636,-7800
,984,-9360,-10216
,-8352,-8700,-5316
,-16996,-10488,1872
,-11964,-10460,3668
,-12940,-6784,-672
,12308,-29208,-9812
,4828,-12212,-12560
,5920,-12312,-14236
,-4000,-8576,-9936
,-9676,-9752,152
,-12860,-8924,2084
,-10876,-10068,2968
,-11248,-9868,24
,-12372,-14184,2764
,-15436,-14328,5008
,-10568,-10496,4216
,-8468,-9924,3920
,-8112,-11176,13448
,388,-14724,15840
,13084,-28176,11944
,6528,-32768,548
,6336,-25636,-21008
,5412,4916,-4984
,-10900,-7136,1228
,-13248,-17080,1740
,-11992,-15924,5544
,-8928,-11696,4792
,-8496,-10900,8424
,-2092,-9684,14576
,4188,-19480,11084
,4632,-32768,9732
,1016,-31668,-10164
,1752,3168,-6256
,748,4084,-15740
,22652,-19824,-32768
,27800,-32768,-32768
,6712,-14044,-10980
,3644,-6864,-6408
,832,-16624,-13932
,-8812,-12224,-3308
,-12548,-14584,-608
,-9472,-9180,-1120
,-10228,-7248,-936
,-13808,-10716,-352
,-12704,-13716,3796
,-12940,-12560,6920
,-9428,-11076,5976
,-6272,-7876,9792
,-276,-16272,15020
,2112,-32768,16392
,-124,-32768,5948
,4276,-15264,-15480
,2380,7740,-8524
,-3364,420,-17252
,32767,-25948,-32768
,8792,-15716,-14232
,6336,-21612,5032
,-3492,-16968,544
,-8596,-11596,-868
,-15316,-7636,2860
,-15956,-7252,2204
,-14304,-7420,2216
,-9804,-8200,2580
,-15312,-9604,5368
,-15312,-12032,7664
,-12692,-10092,6664
,-7540,-7076,8824
,-180,-10876,8844
,6432,-7044,-18272
,1196,8900,-5424
,17604,984,-32768
,32767,-32768,-9900
,9308,-16312,-6404
,6496,-10996,-13172
,-1056,-16148,-9504
,-5052,-9252,-7572
,-15280,-4200,4864
,-3824,-27672,19036
,-3688,-32768,3340
,6660,-10556,-18152
,3064,5944,-8252
,6120,260,-22656
,32767,-32768,-30140
,17292,-3028,-18000
,12964,-16392,-7920
,4072,-15484,-6072
,-8732,-8468,-2132
,-11208,-7256,732
,-12788,-8660,4780
,-13788,-4952,1392
,-14356,-9112,1464
,-17032,-11920,4944
,-12020,-8636,2352
,-7732,-3192,7136
,-6148,-15136,14844
,-3928,-16132,11368
,-548,-28704,17608
,1120,-32768,-12
,-160,-6488,-15368
,2100,4792,-9552
,2236,-10076,-26488
,32767,-32768,-32768
,22892,-18924,-16320
,6252,-21856,-4620
,-6164,-11368,1160
,-10064,-8348,-816
,-15396,-7280,2072
,-13236,-10532,-616
,-12908,-7108,-680
,-17248,-10848,1896
,-16092,-8104,4424
,-10804,-8320,3252
,-11092,-6080,7400
,4160,-5736,14340
,15316,-32768,12016
,9108,-32768,-21696
,3004,-196,-12620
,1040,8928,-4176
,12228,6592,-24100
,32767,-32768,-32768
,13516,-24300,-12380
,6640,-16944,-8408
,404,-12880,-3264
,-10920,-8432,-388
,-15296,-4448,3408
,-13664,-6744,-624
,-10224,-7136,-832
,-13912,-8056,332
,-17464,-15008,2456
,-13396,-11868,3732
,-8364,-7208,11268
,1756,-12540,16048
,7196,-9660,-18992
,1040,1864,-18920
,15988,-14844,-32768
,25804,-32768,-18088
,8184,-15840,-8888
,972,-5604,-3432
,-5424,-10172,-6112
,-16180,-10464,380
,-14988,-8328,-936
,-12100,-5612,-152
,-10960,-6240,-2116
,-17780,-14192,4720
,-14404,-10832,7920
,-9752,-9172,6224
,-6588,-3144,10704
,-4144,-20668,14048
,-88,-32728,20720
,5108,-32768,-5564
,4444,420,-15716
,-1588,-1252,-12168
,14384,-6288,-32768
,32767,-32768,-27388
,12932,-14792,-4952
,5824,-9880,-5504
,4100,-16776,-9684
,-13080,-5636,-5380
,-16908,-5356,-4000
,-12924,-7440,-732
,-11860,-4984,-5036
,-18376,-14444,796
,-16752,-12240,3096
,-11660,-7472,3248
,-5748,-4832,7400
,-2844,-20252,13120
,1448,-25892,12936
,3800,-32768,10292
,1776,-21740,-15972
,-536,76,-10156
,764,5880,-13320
,19960,-5180,-32768
,26304,-32768,-32768
,5300,-17708,-372
,2980,-13728,-9264
,4488,-14096,-15036
,-9780,-8680,-2420
,-13976,-2648,2516
,-15972,-3836,-844
,-15648,-7312,352
,-17140,-13516,4360
,-12052,-7880,9152
,-5412,-4224,7676
,-4472,-11596,14380
,-5504,-28060,20672
,-1128,-32768,3820
,6496,-8132,-19692
,1660,4688,-10536
,-11044,-11824,1136
,-14720,-15388,4772
,-13504,-13548,5888
,-11024,-11164,6080
,-6816,-10448,13256
,-2752,-10256,8820
,6652,-15908,11140
,4300,6412,-7444
,3036,-5156,-23352
,32767,-29356,-32768
,2608,-25420,-1988
,4840,-14544,-11072
,4952,-14584,-15568
,-2096,-12252,-3496
,-12960,-5660,2200
,-11732,-8804,-104
,-13112,-10128,-724
,-10276,-12076,168
,-12556,-11248,4284
,-14356,-13140,7472
,-10364,-11616,5672
,-2624,-4752,7724
,12088,-20252,8172
,13944,-25472,-2656
,16756,-30760,-2176
,6620,-24196,-22244
,5816,4852,-8460
,76,8000,-13032
,31476,5856,-32768
,14652,-32768,-26628
,7124,-21556,-884
,2496,-14368,-5712
,1988,-18616,-14380
,-5588,-9900,-7200
,-11152,-6428,-1096
,-15128,-4008,-204
,-12668,-9024,-1832
,-12716,-10068,-260
,-14532,-13064,4180
,-14560,-12628,4088
,-10016,-10784,2188
,-8648,-8096,11420
,-5592,-20532,12868
,4924,-19476,11248
,3480,-32768,11292
,2352,-19492,-17084
,644,2864,-8984
,3644,2584,-20408
,32767,-15092,-32768
,10524,-25840,-7664
,4484,-17068,-9744
,3884,-14204,-8264
,-3784,-13268,-5472
,-12412,-8188,3412
,-13456,-8848,2644
,-11464,-12232,1224
,-12588,-12692,792
,-15564,-13284,3872
,-144,10128,-3948
,1416,-1664,-20524
,32767,-22840,-32768
,16036,-32768,-1632
,4420,-17820,-5492
,-128,-12436,-4716
,-5944,-13848,-11996
,-7016,-13088,-3660
,-9304,-7460,-2948
,-12224,-8576,-20
,-11904,-8568,3188
,-14176,-6724,2484
,-9432,-22628,5696
,-11444,-13720,2188//3end
,-7912,-15404,4232
,-7564,-14700,5400
,-7916,-11992,5220
,-12340,-12744,884
,-740,-18108,-3552
,10832,-19020,6224
,23036,-10168,6740
,23372,2528,15964
,25712,296,14672
,32767,-20356,-6836
,32767,-108,-32768
,6024,15764,-5372
,-4548,16468,-13624
,-4856,2408,-12936
,700,4048,-14428
,452,-15484,-5976
,-4968,-26084,8240
,-7196,-18388,15456
,-1304,-14896,9172
,4512,-12740,12056
,820,-17640,11648
,-3744,-8348,6176
,-4588,-13152,-1240
,20928,-16020,-3072
,25056,-2216,6744
,15908,-1152,1476
,32767,-28032,20900
,32767,-32768,-32768
,31544,32767,-32768
,-6120,9008,-7576
,-8384,5508,-12400
,-4060,3728,-13968
,-4,2292,-16648
,-3012,-9684,-7072
,-18712,-12980,10700
,-14404,-15016,6732
,-9788,-14536,8572
,-11196,-12564,4032
,-11196,-15548,-976
,-10108,-14384,-308
,-7668,-9864,1236
,-6844,-12752,-8500
,1676,-17188,-2752
,13720,-16752,5576
,18024,-12732,5588
,16996,-10484,2380
,26732,-23000,17520
,32767,-32768,-18248
,32767,32767,-32768
,-9284,8788,-12532
,-5980,3772,-12760
,-6500,-144,-13536
,-4656,-4280,-12100
,-4748,-11276,-6676
,-13812,-15324,4324
,-13184,-13956,8548
,-10564,-14496,5720
,-9232,-13244,1972
,-9480,-15700,-176
,-8320,-14748,1144
,-7848,-14152,-5584
,13528,-22720,-5008
,15456,-11088,-4124
,16184,-9900,-1832
,17400,-10836,-5400
,32767,-19584,5600
,32767,-30108,-27488
,32767,31928,-32768
,-13208,-188,-5868
,-9608,1928,-13608
,-9248,-5956,-11208
,-4532,3744,-7956
,-10984,-8880,-1484
,-12260,-20236,2660
,-12324,-16272,7348
,-8184,-14916,1904
,-7664,-11028,56
,-2972,-22824,-1104
,19588,-13508,9664
,15976,7504,2840
,21020,8880,11116
,32767,11916,12304
,32767,-31348,-24960
,20224,25844,-29856
,-7680,3044,-12588
,-5784,1256,-13516
,-2540,-5796,-11036
,-6128,-7980,-7036
,-15836,-18672,-656
,-14876,-12332,6684
,-11836,-13044,7056
,-6696,-9772,6588
,-7224,-17028,856
,-6668,-17412,-876
,-10540,-14504,3928
,-12416,-18012,2084
,544,-5956,11172
,12892,-7432,12332
,14656,7628,14192
,25196,8588,32767
,32767,-24740,15528
,14160,5732,-23072
,-9012,2284,-18004
,-8736,-1048,-10880
,-2580,-5332,-12220
,-8536,-12456,-12532
,-11860,-8136,3316
,-17044,-13012,6748
,-14636,-12804,4448
,-11264,-11448,4744
,-10804,-13972,2716
,-9668,-13712,1096
,-9668,-10240,2572
,-12920,-16384,616
,-792,-18932,6312
,13472,4356,13448
,17120,5856,11068
,18364,16404,15232
,32767,-23352,32264
,32767,19056,-32768
,-6576,12040,-11544
,-6804,-2432,-12904
,-3424,-2672,-15364
,-5640,-11012,-13208
,-9220,-8268,-9208
,-8936,-12868,-756
,-10844,-14104,8236
,-9828,-15116,8832
,-7436,-16188,4992
,-8516,-14120,3396
,-7932,-12972,3840
,-9116,-516,-11544
,-6224,-9908,-13828
,-8620,-1472,-9576
,-11152,-5452,-8
,-11924,-17780,10144
,-13488,-12736,7832
,-9896,-12616,5716
,-9032,-15792,1460
,-10352,-13168,2304
,-1684,-24548,4704
,14940,3040,11396
,30504,-4100,31292
,32767,-32768,8660
,27416,24292,-24884
,-4296,4752,-19796
,-4744,3608,-12492
,-6280,-6440,-8692
,-10100,-7252,-8892
,-10652,-13216,3220
,-14392,-16580,11484
,-10012,-12944,9704
,-8200,-10848,6568
,-8576,-16452,2740
,-9548,-14964,-3800
,-5880,-14256,-6196
,5376,-15732,-540
,14368,-11152,11100
,16780,-8440,11112
,20996,-372,16564
,32767,-28252,9644
,32767,-4788,-15820
,6720,15296,-19716
,-10128,8040,-10692
,-10020,-764,-11504
,-9640,-4248,-8796
,-5828,-10704,-4824
,-11180,-9160,-3036
,-11672,-26192,5132
,-7488,-13196,8256
,-7260,-14236,9784
,-7024,-18548,4140
,-8228,-15024,3572
,-8744,-14160,4824
,-3732,-17016,3724
,15080,-12212,14148
,18988,3660,8768
,19392,6292,17096
,31724,-20272,21384
,32767,-8536,-14940
,13004,27156,-20592
,-9164,896,-13004
,-5236,-60,-15140
,-5528,-3312,-11812
,-6060,-10024,-1980
,-17160,-15248,4684
,-16320,-17616,8976
,-11960,-11088,10172
,-8180,-11916,7288
,-10108,-14968,2644
,-10048,-13936,252
,-7808,-13748,2124
,-8120,-12268,-5616
,2152,-18304,2520
,11756,-9440,10740
,15196,-3856,8532
,14856,-5704,9124
,28944,-11032,22724
,32767,-25380,-916
,32767,32767,-30136
,-9016,4820,-11920
,-6840,-64,-14056
,-3896,-3228,-11032
,-12188,-8740,-10600
,-14148,-12796,2272
,-13940,-9956,5304
,-11696,-11392,4144
,-12340,-15680,972
,-10848,-15980,1568
,-9920,-13160,632
,-7840,-15156,-1380
,-4800,-13988,1676
,12344,-6844,11292
,32767,-29376,32767
,32767,3008,-20504
,8296,14388,-16448
,-10120,3676,-10596
,-9840,1860,-8308
,-3980,-9408,-10844
,-8708,-10536,-11484
,-14236,-18700,1308
,-9440,-12096,10224
,-8248,-13344,8592
,-9780,-15636,5244
,-10120,-14388,2192
,-9720,-14112,-1536
,-2084,-13628,3332
,-2092,-10664,24352
,7752,-13824,6916
,12296,-8252,15280
,32767,-23164,32767
,32767,-20308,-9592
,15128,18840,-24292
,-10032,4168,-11268
,-6952,5072,-11608
,-13392,-7148,-9368
,-7776,1092,-12364
,-8752,-9144,-8672
,-8004,-15580,-3852
,-11908,-18344,5888
,-12304,-14608,6844
,-7132,-11088,-8080
,-14200,-14444,7872
,-12340,-13200,6392
,-9804,-13320,8216
,-10428,-14940,4548
,-10120,-15768,2836
,-11304,-13292,588
,-6784,-14944,704
,-3876,-7388,10740
,2464,-4164,16680
,8228,-17124,13200
,4332,-6128,21812
,28840,-32768,22408
,32767,-20164,-9080
,15292,23152,-18700
,-7944,6156,-10364
,-7104,1104,-13684
,-6984,-5060,-10964
,-8480,-2896,-10376
,-11220,-8996,60
,-16272,-14252,10740
,-13004,-11028,9060
,-11756,-14088,4380
,-11264,-14580,3548
,-10892,-13904,1208
,-7908,-13360,944
,-8804,-11912,9108
,-4872,-13492,7756
,1520,-8404,17720
,7448,-4728,17832
,15408,-1836,22328
,-7420,4440,-12768
,-7156,500,-11320
,-6512,-7468,-12124
,-8288,-10564,-9864
,-17152,-15204,2832
,-13052,-7928,11528
,-12040,-8448,11608
,-10640,-9712,6952
,-9728,-16108,5208
,-10744,-14228,76
,-9212,-15452,-3564
,-4956,-19428,-1648
,13344,-9732,19272
,8392,-4840,14628
,11120,-3552,13744
,32767,-29516,32767
,32767,-32768,-24200
,16800,28080,-18868
,-8036,4160,-12244
,-7296,1260,-11344
,-3936,-6536,-8136
,-5004,-8664,-10420
,-9792,-19344,-9096
,-9792,-19964,6208
,-8724,-10116,12744
,-5116,-10456,7780
,-8980,-12272,10892
,-11436,-10076,8720
,-10300,-11108,6736
,-3160,-21020,5400
,9940,-18540,11976
,24896,5664,12796
,18412,5872,13656
,20076,-2108,12232
,32767,-32768,-4536
,32767,16360,-32768
,-4464,11988,-10808
,-6668,3000,-13276
,-6652,-5084,-12220
,-14052,-9632,-6648
,-15684,-3584,-6468
,-10520,-9548,748
,-12128,-11192,8524
,-12576,-10388,9936
,-12664,-12676,6432
,-11872,-12152,3496
,-10156,-13872,60
,-6832,-10860,824
,140,-17860,12184
,8824,-8436,18512
,10328,-248,14572
,9556,3260,16900
,32767,-30412,9208
,32767,-11448,-27852
,11196,25620,-16168
,-8040,5292,-11212
,-8516,5756,-12924
,-5880,-2736,-10388
,-6340,-2224,-11864
,-4448,-6916,-13252
,-18168,-11796,-15840
,-5596,-12880,-10556
,3916,-16460,-2388
,12208,-15256,1908
,14324,-9980,5016//4end
,-7500,-14808,1504
,-7448,-15016,1680
,-7520,-14200,1816
,-7964,-13668,964
,-10644,-11464,-3392
,-6888,-23792,-14020
,-364,-27380,11008
,-1052,-4248,14820
,1800,3808,10340
,21036,10816,26952
,32767,-32768,32767
,2372,-14948,25136
,-6732,-1500,15748
,-6872,672,15584
,-10328,-2352,10792
,-8796,-7924,5196
,-6612,-17984,4560
,-11328,-19344,3960
,-9256,-14376,-348
,-7348,-16948,-3428
,-6796,-11968,-5736
,-7636,-11004,-10068
,-6772,-26200,-11932
,11716,-28744,5292
,7632,10116,11452
,-2896,-664,13592
,3156,14596,32767
,-8520,-16480,-2624
,-6828,-14176,-5448
,-6156,-12744,-6224
,-6056,-21640,-9076
,-8612,-22248,-2456
,-3880,-15964,7296
,-784,-6488,11076
,-3500,824,10280
,3928,1768,24520
,11820,-6760,32767
,-204,796,20656
,-4208,628,14024
,-3456,2380,13924
,-2312,-2004,10784
,1740,-13244,17344
,-4312,-17076,14776
,-11260,-14540,4852
,-8444,-13440,3872
,-7244,-11792,-1588
,-7264,-12804,-1620
,-9744,-15120,-1076
,-10768,-14800,-680
,-8520,-13824,-2376
,-13808,-24544,-12536
,-3696,-16556,-1392
,-1404,-9068,5284
,104,-7160,7876
,7004,2956,23316
,-9420,-14172,-2048
,-8264,-10672,-6812
,-10132,-24024,-12876
,-2772,-22892,3428
,-388,-8976,12568
,304,-600,9916
,1044,-8096,27516
,10816,-8500,32767
,18380,-32768,32767
,592,-11572,11476
,-1256,-1304,12088
,1116,-7680,17780
,-12024,-15148,7836
,-7920,-17016,8900
,-10380,-11712,5580
,-11248,-11716,4404
,-10616,-11648,-3660
,-11768,-11968,-8244
,-12304,-11912,-6272
,-10108,-9996,-7252
,-10648,-11532,-10328
,-12908,-15192,-2528
,-6636,-10012,7796
,-1640,-1616,10756
,-1196,2716,12112
,-2052,7700,30136
,11880,-10928,32767
,9884,31172,18128
,-3720,-280,13104
,-3648,-64,13700
,-3288,-788,16972
,-9748,-6204,11360
,-12376,-7512,7168
,-14208,-15144,2936
,-13588,-10836,3948
,-11536,-12548,2396
,-12060,-11864,-3232
,-11520,-12040,-3912
,-11816,-13288,-4652
,-10420,-11136,-4296
,-10084,-10768,-2716
,-15420,-15604,-9204
,-11620,-16584,-5136
,-6192,-13600,4288
,-5888,-8940,9948
,-4484,2208,12192
,4544,480,29288
,10548,-15728,32767
,-2168,-13780,19504
,-660,508,14060
,-3960,444,16320
,-1460,-5792,15016
,-11880,-8940,8312
,-11816,-14604,5412
,-11600,-9604,4248
,-10432,-10620,1788
,-11296,-13236,-1048
,-11684,-11336,-3752
,-11400,-12972,-2592
,-10072,-10724,-3352
,3296,8772,29172
,9136,-24404,32767
,-2836,-2008,12764
,-4428,-2800,14500
,-3368,68,17736
,-5776,-4316,16528
,-12320,-6880,8372
,-12648,-10472,5580
,-12852,-10216,2116
,-14464,-9896,3260
,-9900,-10028,-1132
,-10552,-10972,-3436
,-12816,-10920,-4208
,-11860,-17792,2052
,-8220,-13552,9464
,-2220,-7100,12572
,-2160,4012,10488
,4568,9348,13796
,5124,1276,32767
,1288,-32768,32767
,-4312,1288,16052
,-2920,1604,16088
,-2584,-5612,14228
,-10256,-10340,6600
,-14416,-11140,4888
,-12624,-10604,4780
,-14868,-9568,2900
,-10692,-9600,-492
,-12856,-13220,-3112
,-12836,-12544,-2844
,-10776,-10252,-5792
,-9288,-14812,-9276
,-11772,-24376,1632
,-6332,-16572,11032
,-4224,-6996,10424
,-3304,4544,7748
,3732,7076,27536
,20180,-27184,32767
,-1632,-5788,22096
,-1152,-10400,15828
,-2732,480,18064
,-4936,-416,15964
,-8640,-10956,8972
,-8804,-10012,11036
,-11716,-13804,6592
,-10432,-12972,5120
,-10576,-11644,-1284
,-9444,-12520,-4068
,-10932,-11848,-6608
,-9284,-14060,-7004
,-13524,-30720,-4256
,-5608,-19160,6896
,-908,-260,10556
,-512,12576,10108
,6804,7660,18956
,13760,-32768,32767
,-2608,1140,32312
,-3784,-14256,13076
,-2204,-2440,12116
,-3240,76,17616
,-424,-10148,15848
,-11384,-13320,6832
,-12828,-14112,4164
,-12540,-11104,4484
,-10148,-10120,1200
,-11656,-12152,-2368
,-10812,-12688,-2860
,-11512,-12528,-2384
,-11584,-14712,-10448
,-10740,-20032,-9220
,-10052,-16664,2456
,-9232,-11264,10984
,-6520,364,9764
,872,9836,6428
,7188,-19256,32767
,88,-32768,32767
,-4388,-15068,11224
,-2032,-396,15724
,-6212,-2696,16656
,-8312,-2572,11664
,-7624,-8972,7444
,-11384,-11108,3984
,-11508,-12772,2588
,-11556,-9924,508
,-14680,-8484,-708
,-11180,-13256,-1396
,-11268,-18064,-6800
,-9072,-14196,6048
,-5088,-4628,11460
,-2028,4156,10600
,7096,5232,23556
,10672,-32768,32767
,-2988,-8132,23280
,-1136,-12332,11988
,-3772,-8380,15544
,-3188,-10444,13688
,-11128,-13984,7156
,-10944,-11136,6188
,-12768,-10996,1392
,-10064,-11072,1836
,-13004,-10788,-944
,-11616,-11824,-2948
,-12536,-11200,-2040
,-11944,-11024,-1492
,-12340,-12208,-8296
,-12012,-17936,-9496
,-9820,-20872,4852
,-6880,-9612,13956
,-1968,3844,12848
,4812,5120,12516
,4848,-26724,32767
,-1440,-32768,32568
,-3620,-8092,11200
,-2580,-3884,12780
,-2080,-5852,19472
,-9736,-7184,12392
,-10728,-5776,9852
,-11196,-10860,4860
,-13196,-7820,2916
,-11644,-9168,-76
,-11136,-10636,-1964
,-12380,-12628,420
,-11308,-12420,-2984
,-11588,-13364,-7656
,-12252,-17408,-2984
,-10032,-12708,7596
,-8324,-4988,9872
,-4468,2872,9928
,6452,1300,11444
,5700,-24204,32767
,-3728,-4668,21856
,732,-13068,15756
,-1876,-316,18728
,-6424,-10628,11404
,-12668,-11228,7808
,-12700,-8624,3852
,-15132,-9256,3500
,-11976,-7044,-284
,-13348,-9460,-1144
,-14164,-9676,-1780
,-12564,-9928,-1600
,-11608,-9776,-7848
,-11608,-16748,-8060
,-11536,-17780,3036
,-8284,-10996,10088
,-2148,1864,13492
,4560,10420,18544
,10192,-27976,32767
,-3296,-11732,15428
,-4684,-12868,9204
,-4600,-2932,15008
,-6732,-13904,11260
,-14048,-9732,4920
,-13224,-11404,1160
,-14556,-5484,2388
,-13412,-8228,3988
,-12216,-11640,728
,-12560,-13260,-1776
,-12080,-11384,-1304
,-11820,-10400,-2124
,-12216,-15392,3876
,-7480,-3640,8664
,-1212,3072,11020
,1724,-8008,32767
,-3060,-32768,32767
,-2756,-1788,14796
,-3848,-5960,13224
,-5588,-7104,13188
,-12552,-7912,7436
,-14444,-7764,4508
,-15656,-8860,80
,-14004,-8528,340
,-11844,-9244,-1444
,-9572,-13640,8108
,-4484,-2556,10468
,-700,4236,12752
,216,-5044,32767
,7476,-32768,32552
,-3292,-15376,18056
,-3816,-3232,14364
,-4676,-8260,12832
,-7920,-8716,7372
,-13296,-12196,2368
,-11500,-6592,2864
,-13712,-11996,-160
,-13816,-10176,80
,-10948,-14028,-4924
,-10252,-13144,-5576
,-8624,-11816,-8152
,-9228,-17020,-11404
,-13852,-28036,1204
,-5496,-9752,11692
,-532,8208,11412
,9292,-840,15876
,14912,-15172,32767
,-8900,-8352,15948
,-4048,-11552,12204
,-5652,-4876,13088
,-6956,-5524,15444
,-11456,-6508,11936
,-14328,-11080,5508
,-13220,-11120,2668
,-12528,-8740,1324
,-11744,-10588,2400
,-11896,-13236,-1224
,-10648,-11804,-2676
,-10836,-10868,-3420
,-11400,-16212,-6504
,-12096,-13432,-6524
,-12444,-12584,-2432
,-10532,-11116,4396
,-6732,-3164,10480
,-1952,964,11396
,5144,-7620,32767
,9860,-32768,32200
,-3768,-18100,8580
,-6464,-4768,13252
,-7088,-4692,15736
,-9216,-5576,15764
,-12772,-7896,6320
,-13040,-8452,2208
,-10912,-10312,76
,-12628,-7312,-2520
,-15192,-12444,-892
,-12512,-10708,-2688
,-10072,-11048,-1924
,-7964,-7620,-2384
,-11304,-15768,1500
,-9384,-12416,1332
,-9380,-14008,1028
,-8964,-14148,1156
,-8700,-13824,924
,-9456,-14268,688
,-8840,-13500,1008
,-9224,-13680,1272
,-9072,-14072,952
,-9160,-13896,984
,-9008,-13844,1144
,-9584,-13716,440
,-9168,-13660,540
,-9640,-13380,392
,-9660,-13732,364
,-9540,-13472,528
,-9520,-13564,292
,-9652,-13764,456
,-9740,-13564,556
,-9636,-13404,556
,-9584,-13596,740
,-9632,-13448,252
,-9656,-13004,420
,-9544,-13528,476
,-9700,-13352,380
,-9628,-13004,596
,-9692,-13364,308
,-9792,-13140,192
,-9988,-13384,320
,-9668,-13484,492
,-9844,-13508,392
,-9928,-13404,584
,-9592,-13456,464
,-9708,-13560,216
,-9764,-13196,236
,-9908,-13144,216
,-9804,-13304,136
,-9784,-13192,320
,-9648,-13332,560
,-9940,-13540,300
,-9816,-13300,20
,-9708,-13560,460
,-9760,-13624,408
,-9716,-13388,504
,-9712,-13756,256
,-9512,-13160,8
,-9876,-13380,332
,-9840,-13144,292
,-9692,-13200,256
,-9876,-13356,256
,-9860,-13472,256
,-9692,-13604,216
,-9916,-13372,236
,-9536,-13204,368
,-9764,-13744,388
,-9696,-13208,380
,-9712,-13316,328
,-9832,-13464,376
,-9700,-13668,200
,-9752,-13520,504
,-9720,-12964,292
,-9776,-13376,288
,-9748,-13788,400
,-10060,-13500,436
,-9536,-12980,280
,-10040,-13428,180
,-9888,-13256,372
,-9944,-12876,344
,-10076,-13028,108
,-9912,-12944,244
,-9952,-13172,236
,-10136,-13028,724
,-10196,-13272,640
,-10132,-13140,160
,-10052,-12776,348
,-10048,-12976,748
,-10236,-13180,448
,-10024,-13004,372
,-10216,-12972,520
,-10240,-13124,400
,-10244,-13064,284
,-10104,-13316,220
,-10156,-13116,344
,-10264,-13188,532
,-10344,-13252,380
,-10172,-13144,360
,-10316,-13004,224
,-10256,-13068,316
,-10436,-13204,460
,-10276,-12804,256
,-10312,-12792,396
,-10372,-12884,256
,-10352,-12576,380
,-10292,-12812,448
,-10280,-13104,328
,-10260,-12900,60
,-10292,-12764,260
,-10408,-12832,260
,-10284,-12980,368
,-10348,-13004,492
,-10344,-13020,588
,-10208,-13056,316
,-10316,-13020,488
,-10332,-13116,316
,-10432,-13256,348
,-10208,-13092,576
,-10560,-13336,272
,-10232,-13240,268
,-10304,-13032,316
,-10340,-12916,308
,-10296,-13128,336
,-10492,-13272,456
,-10020,-13220,440
,-10420,-12912,276
,-10356,-12616,184
,-10272,-12628,364
,-10272,-12944,352
,-10344,-11812,2728
,-10044,-9968,2276
