11512,-11900,1036,-5768,-12284,10376,2432,-15380,5468
-12352,-11328,860,-5956,-12228,11068,2312,-15616,5320
-11956,-13328,796,-5896,-13244,10724,2332,-15712,5796
-13332,-11008,5052,-4752,-10136,13692,3728,-14592,8384
-10920,-7016,13660,1748,-5832,16908,7388,-11744,10536
-2880,-10596,13288,8184,-9496,10552,10100,-12764,3124
10080,-20256,7840,15748,-16752,1940,12520,-14992,-3072
20240,-17052,7300,19060,-19648,-196,12796,-18028,-2332
19268,-24184,12036,18176,-20808,2548,13232,-15232,2464
6708,-22076,8124,8576,-21160,8704,8532,-15748,6072
12744,-32768,9952,11108,-32204,7776,6536,-23632,4764
32767,-32768,30516,32767,-32768,-3552,24396,-32768,-9224
32767,664,26104,32767,-1348,1620,29188,-8288,7600
-2616,25624,8960,1200,20816,8472,-1532,1416,12724
-11184,3768,12900,-6312,5024,15260,-6988,-5532,14884
-3912,6348,9936,-2980,6272,10244,-2448,-4940,10652
-6544,-12028,4836,-4216,-9880,10708,-1752,-9644,8184
-14820,-10688,2504,-11700,-10840,12380,-3568,-22344,7144
-16748,-14348,2196,-6724,-14936,13428,-676,-18180,5764
-13688,-10496,-1732,-8356,-11776,10856,512,-17668,1444
-11860,-10260,-1288,-7224,-10940,8208,308,-15364,-676
-9284,-10984,304,-4032,-13388,7948,5552,-14516,-1800
-9864,-21860,2472,944,-20476,12336,11680,-16948,2512
-10984,-15280,6260,1492,-14744,13332,10768,-14720,1244
-9988,-13360,13808,5864,-10836,17352,13248,-13804,4152
2364,-12732,18400,14288,-8504,9284,14804,-8092,1972
18036,-6760,5380,15528,-5900,-3360,11528,-11560,-2968
32767,-11460,8508,24436,-12232,-332,16036,-7880,-740
27340,-13580,4548,19804,-18452,2700,12948,-14760,3012
24844,-23460,7332,16324,-27696,3984,11628,-14496,2976
-11788,-11640,4920,-3208,-11300,13072,4004,-15344,3400
-10316,-11316,4044,-2756,-11404,11836,4396,-15400,2744
-11380,-12228,4556,-3220,-12072,12572,4016,-15636,3672
-11556,-10148,5052,-3124,-10288,12952,4048,-15516,3964
-12596,-11120,4724,-3688,-11552,13756,4140,-15916,5796
-13368,-6348,18008,3724,-4724,21812,9424,-12076,8844
-584,216,15732,10624,-168,10768,10116,-9720,5032
18212,-6648,7532,17280,-9236,-2000,9468,-14500,-3084
32767,-16264,-1320,32767,-16320,-11256,16608,-8560,-1932
32767,-14120,2164,30708,-16868,-1836,21280,-19600,100
-756,-12948,11492,19376,-3360,940,11972,-22688,1524
26048,-32768,23324,30076,-32768,17152,17464,-11816,10092
32767,-32768,8088,32767,-32768,-18108,11540,-32768,-9648
32767,2320,-17620,32767,-1704,-29408,32767,24772,-8208
7972,26296,9944,5052,21616,10844,-3852,4956,16716
-7124,5512,12188,-5432,10016,11132,-4680,3668,14592
-7120,8952,4272,-6056,7856,7256,-4968,180,14352
-5588,-6536,6032,-2936,-984,7644,-5972,-1848,8360
-10344,-12676,9524,-8352,-9028,13864,-2128,-19136,8704
-10912,-20876,4796,-3988,-17616,17288,2536,-19948,10348
-13464,-18084,8452,-1632,-16612,16980,3336,-18664,904
-9104,-14176,5600,-1508,-14996,11276,5912,-13704,-1228
-9928,-18596,6056,2212,-17492,13020,11224,-15136,-1392
-9400,-13304,11328,5264,-11932,14404,12416,-12940,980
-8236,-9712,17076,8764,-8368,15404,13680,-11572,3012
6248,-7656,19488,15632,-4208,8380,14004,-8064,1448
24128,-2768,4964,17732,-3828,-7648,10956,-11044,-2700
32767,-7556,-8996,29492,-14292,-7612,11796,-7904,-1772
29352,-13768,236,29224,-15752,-756,23864,-12992,1304
16432,-21204,10572,17684,-18784,5784,12776,-11856,7840
-8456,-13696,3260,976,-12672,11120,9524,-13628,284
-8900,-12784,4388,1228,-10920,11652,9216,-11952,100
-6752,-11484,11156,7084,-7692,13604,14600,-10700,2216
-6276,-15156,15412,11320,-10160,14968,15784,-9920,2116
-1480,-32768,17888,21988,-21288,16244,22080,-10768,508
-6620,-32768,-284,10864,-32768,10832,13012,-22268,-2584
1384,-12288,-16848,-3596,-16828,-6168,3004,-8552,-5880
-1796,2700,-10364,-7328,-7448,-4512,-1100,-9536,-7776
-12944,-10524,1292,-6536,-10460,11140,1368,-16432,356
-10664,-8292,2256,-4220,-7276,10436,2552,-13860,-944
-11576,-8248,736,-5464,-9940,10108,3512,-13184,-3516
-15076,-12172,4096,-3236,-13636,16904,7360,-17692,-3132
-15272,-14336,8216,472,-11576,18312,9356,-15444,-1732
-9828,-8700,6836,1648,-7168,13076,8800,-10796,-1920
-6048,-7000,16900,8892,-4956,15244,14328,-9308,-1528
7928,-18716,17432,20792,-12352,7836,15448,-5536,-5208
1704,-32768,5636,23080,-32768,11608,18644,-24496,-4356
2416,-32768,-18328,4480,-32768,-4528,4776,-18984,-4768
3508,2316,-9692,-1456,-4944,-7392,580,-3544,-6468
1824,1644,-14624,-4292,-11024,-11668,-2444,-8624,-19140
18388,-7820,-32768,9036,-32768,-24108,26296,-32768,-16248
32468,-32768,-32768,23068,-32768,-32768,32767,-10432,-19268
11308,-24336,3296,11880,-15052,640,7116,-23644,4176
720,-7548,-2700,-2964,-8340,784,1480,-11180,1244
12,-14016,-9940,256,-16624,-1048,2548,-13724,944
-4024,-13984,-5360,-116,-16572,3272,1884,-17768,1360
-13200,-14764,120,-4472,-14912,11948,356,-18892,360
-14760,-16400,-84,-3820,-14692,13576,2756,-19256,-864
-17292,-10680,-100,-8380,-11212,15496,304,-16888,-1916
-9944,-7148,-2300,-5596,-7780,8908,1912,-13936,-1928
-7912,-15404,4232,-228,-12632,12416,5656,-15128,1028
-7564,-14700,5400,1048,-11632,13380,7512,-15028,2580
-7916,-11992,5220,-208,-10196,13240,6084,-15100,3856
-12340,-12744,884,-5104,-10540,13964,1012,-18940,3480
-740,-18108,-3552,-3248,-15316,4388,1688,-20364,-3656
10832,-19020,6224,11348,-15844,7104,6304,-12720,-1456
23036,-10168,6740,19236,-9168,3380,8612,-11752,1268
23372,2528,15964,23380,1776,6268,19324,-4044,364
25712,296,14672,27284,-3008,15620,25108,-11464,8696
32767,-20356,-6836,32767,-21948,-12692,32767,660,5172
32767,-108,-32768,24572,-10352,-32768,9572,-11216,312
6024,15764,-5372,-9220,-2968,-25972,280,-12820,-15852
-4548,16468,-13624,-11328,-3248,-12812,-6536,-15296,-732
-4856,2408,-12936,-14552,-8616,-3940,-2004,-14332,-1100
700,4048,-14428,-4344,-6892,-8912,2868,-14916,484
452,-15484,-5976,-1432,-17680,2960,5640,-19380,3560
-4968,-26084,8240,8904,-21408,20036,5032,-21604,5040
-7196,-18388,15456,8336,-11964,16640,9176,-10596,-764
-1304,-14896,9172,7024,-11336,13900,9504,-11952,-532
4512,-12740,12056,8420,-8932,10584,12292,-12164,-144
820,-17640,11648,7056,-14932,13104,10020,-16448,-1960
-3744,-8348,6176,508,-8268,12152,4464,-15832,2148
-4588,-13152,-1240,-1924,-12288,6840,5276,-17824,-1600
20928,-16020,-3072,14340,-16976,1528,5140,-8904,-11312
25056,-2216,6744,24700,-3864,5056,16960,-9496,-8856
15908,-1152,1476,15276,-6752,6228,18136,-10776,-3288
32767,-28032,20900,32767,-20364,10596,32767,-3828,3384
32767,-32768,-32768,32767,-32768,-32768,11140,-17656,-9236
31544,32767,-32768,6456,9652,-32768,6360,-23916,-3084
-6120,9008,-7576,-13360,-2800,-8340,-8892,-13372,-8852
-7500,-14808,1504,-592,-14088,9428,6560,-14496,3924
-7448,-15016,1680,-768,-14016,9304,6708,-14972,3940
-7520,-14200,1816,-644,-13784,9360,6472,-14384,4176
-7964,-13668,964,-1704,-13244,9336,5156,-13884,4972
-10644,-11464,-3392,-7220,-13220,8052,860,-19284,2848
-6888,-23792,-14020,-7488,-24696,3432,-772,-21488,4524
-364,-27380,11008,6820,-20744,13804,8524,-17392,3816
-1052,-4248,14820,8352,-2544,13360,8900,-6516,8244
1800,3808,10340,5768,4724,5456,7992,-4680,9916
21036,10816,26952,27048,15392,8208,11212,-17184,14728
32767,-32768,32767,32767,-32768,11360,22516,26480,12352
2372,-14948,25136,12208,-2836,16520,11364,-3712,12032
-6732,-1500,15748,7036,3668,14552,7512,-4480,13420
-6872,672,15584,7308,1228,14352,7780,-4508,12636
-10328,-2352,10792,-24,-1292,15412,1296,-7716,11352
-8796,-7924,5196,-892,-6260,12888,3184,-10052,10344
-6612,-17984,4560,1052,-15556,12920,5096,-14624,9920
-11328,-19344,3960,556,-18416,12640,7376,-17136,7848
-9256,-14376,-348,-2632,-15172,7772,5044,-15272,460
-7348,-16948,-3428,-3628,-16920,6532,4136,-16572,832
-6796,-11968,-5736,-5604,-13544,3052,1008,-16176,380
-7636,-11004,-10068,-8232,-15396,2088,-536,-20188,-240
-6772,-26200,-11932,-7404,-27276,2804,-2860,-22856,-2176
11716,-28744,5292,15152,-23264,2824,11244,-16568,2876
7632,10116,11452,10644,7132,4396,10536,-2764,6868
-2896,-664,13592,3592,2084,13172,6000,-9348,13904
3156,14596,32767,23044,19840,22000,9924,-14484,15988
-8520,-16480,-2624,-4612,-16180,6140,3216,-16712,800
-6828,-14176,-5448,-5100,-15796,3800,2020,-17196,988
-6156,-12744,-6224,-5828,-15040,2436,920,-16396,-1616
32767,-32768,128,32767,-32768,-10592,11736,-32768,9408
32767,-32768,-32768,32767,-32768,-32768,32767,-32768,-9032
32767,32767,-24196,32767,22192,-28332,676,5000,-1548
-6400,10660,10064,-7244,13136,5856,-2416,6240,15240
-356,14756,3328,784,11168,7632,-30336,5936,9780
1780,-8472,13140,7004,-3580,11044,3392,-2168,12532
-6988,-9040,6744,-4180,-8912,13312,-224,-14900,11104
-11468,-20992,5484,-520,-19712,14016,-372,-23588,7628
-7068,-22344,6696,2320,-18428,11948,6612,-15936,6252
-9552,-16424,4440,276,-15204,11552,5808,-16584,2020
-5632,-16056,2600,2080,-16420,7404,7848,-14636,-2628
-4404,-16508,3824,5036,-15504,7448,11864,-13592,-2356
-1940,-17068,7020,8100,-14420,6768,13500,-10708,-792
-3912,-14108,8848,7400,-12268,9984,12504,-10436,376
-2360,-14180,18776,14756,-9352,13596,17100,-7276,1820
9976,-8208,13144,16500,-5232,3200,13744,-6632,744
19240,-5332,1908,17052,-5540,-4612,10576,-10692,252
31744,-7008,-4148,24264,-9912,-10732,16096,-4620,-1004
25116,-18272,2244,22796,-14884,-980,18792,-11132,916
15232,-20392,9728,17656,-17472,5068,14464,-11536,9084
32767,-32768,16128,32767,-32768,912,3400,-32768,12252
32767,-32768,-120,32767,-32768,-25084,32767,-32768,-8528
32767,11332,2568,32767,12896,-12816,27344,32767,7176
1564,27380,7024,2284,22508,4972,-9496,4860,14188
-8900,8660,10172,-6948,9292,12548,-4504,3120,16216
-6980,9148,11160,-5160,11148,8732,-3596,2872,14652
464,7300,3536,488,5484,5800,2052,632,13100
-3308,-14116,5528,636,-12132,13316,1432,-13936,7236
-4420,-20316,4336,-368,-18208,11364,3108,-18492,9372
-7632,-21168,7256,2428,-18252,13584,5380,-18776,3448
32767,-32768,-264,19272,-32768,1612,2596,-32768,-1992
32767,-27816,-3856,32767,-32768,-5660,32767,-32768,-7664
32767,20888,4748,32767,13496,-704,21460,10156,10156
-5980,13676,10568,-3216,14444,12496,-5472,-2612,14176
-9880,4264,10356,-8012,8588,10504,-7900,-5824,13644
-5808,5948,6184,-4448,4088,5908,-4640,-2952,8128
-6300,-13200,6232,-4888,-9552,11464,-932,-11796,8672
-14444,-12952,5148,-9792,-12924,14404,-3272,-22504,7788
-13892,-16188,2328,-7764,-15084,12268,424,-17488,6260
-11700,-15288,1300,-5724,-14272,10568,2416,-17904,448
-9080,-11020,-1924,-5628,-11516,5768,3840,-17256,-3964
-8996,-17872,-888,-2360,-18468,7972,8008,-15920,-2232
-7072,-18032,3396,1448,-17448,10144,10892,-14656,-92
-5456,-15928,5148,2800,-14696,9128,10808,-12948,-16
-6264,-14532,12736,8008,-11448,13740,13776,-10912,1436
6688,-11896,18532,17968,-10056,7472,14804,-9612,888
22252,-9704,5004,21288,-10004,-3324,15212,-9780,-428
23124,-9916,1844,21240,-12436,-1948,13908,-8572,-1080
24484,-13236,5372,19392,-14564,1212,14304,-11520,5512
14828,-17848,9616,14424,-18968,3516,12312,-6884,7224
26856,-20932,10984,21804,-24804,6440,10588,-17844,6512
32767,-32768,13988,32767,-32768,-7932,15648,-32768,-7452
32767,-32,-924,32767,-10668,-5916,32767,-20104,3636
4428,26696,13964,5636,17976,8512,-4184,-2100,10692
-11104,756,10640,-7264,4288,13868,-7800,-4300,14912
-9780,5260,11252,-6480,7052,12776,-6484,-4592,13060
-4420,3932,3132,-2720,1296,5936,-3272,-5552,6956
-6204,-17736,6152,-4828,-13972,13960,-880,-21244,5828
-8520,-21768,1772,-3712,-20828,9980,1632,-20044,6608
-7128,-17940,1700,-2268,-18044,8792,3224,-18984,988
-6056,-21640,-9076,-6040,-22612,2612,692,-20176,-1860
-8612,-22248,-2456,-2936,-21968,8808,5088,-22624,-676
-3880,-15964,7296,2012,-13728,10968,5272,-15712,3512
-784,-6488,11076,4612,-3232,9844,5936,-7508,6608
-3500,824,10280,2936,100,10516,6076,-7744,9620
3928,1768,24520,18456,5980,18136,8136,-15952,15848
11820,-6760,32767,32767,-7576,20204,13292,-17984,17440
-204,796,20656,6668,-4108,13628,9756,-300,10732
-4208,628,14024,5240,2656,11424,5980,-3488,13412
-3456,2380,13924,8224,2968,11944,6528,-4572,13352
-2312,-2004,10784,7320,-1496,11912,6064,-4504,11736
1740,-13244,17344,9004,-6000,12744,6628,-8772,9368
-4312,-17076,14776,8704,-13948,15152,7512,-15516,9024
-11260,-14540,4852,1040,-13420,13652,6648,-18904,9708
-8444,-13440,3872,-1372,-11964,10488,5204,-13240,2272
-7244,-11792,-1588,-4152,-12280,6912,3460,-15808,2400
-7264,-12804,-1620,-3208,-14008,6932,4764,-15380,-556
-9744,-15120,-1076,-4828,-14708,8640,3848,-16268,-244
-10768,-14800,-680,-4892,-15548,9384,4560,-17524,956
-8520,-13824,-2376,-4636,-14420,6564,3632,-15824,-464
-13808,-24544,-12536,-14176,-25992,5908,-2276,-25176,-496
-3696,-16556,-1392,-3168,-15640,5684,1400,-20340,-780
-1404,-9068,5284,1732,-6940,8072,1992,-9540,4448
104,-7160,7876,4232,-4216,8692,5880,-6364,7804
7004,2956,23316,17788,7812,11708,12984,-13764,16208
-9420,-14172,-2048,-4940,-15520,6988,3148,-16912,1400
-8264,-10672,-6812,-7764,-14376,2672,260,-18276,-348
-10132,-24024,-12876,-9260,-23960,2348,-1620,-21768,428
-2772,-22892,3428,3396,-18300,9844,4200,-15972,3044
-388,-8976,12568,7980,-6120,10320,7540,-10096,3528
-8384,5508,-12400,-13028,-7628,-8844,-5212,-13684,-3604
-4060,3728,-13968,-11304,-8592,-5108,-2200,-15684,-740
-4,2292,-16648,-6632,-8848,-9432,2924,-18496,3236
-3012,-9684,-7072,-4616,-13540,2472,-3628,-13796,5536
-18712,-12980,10700,-2784,-10296,20748,9140,-14968,8676
-14404,-15016,6732,1076,-10644,16340,10868,-14668,676
-9788,-14536,8572,4424,-10768,16204,11764,-12808,-1940
-11196,-12564,4032,-1224,-11564,12996,7816,-14520,-3052
-11196,-15548,-976,-2180,-16216,11960,7404,-18996,-4544
-10108,-14384,-308,-1332,-14228,11276,7712,-14964,-1400
-7668,-9864,1236,-1192,-10236,8496,5308,-14544,-2792
-6844,-12752,-8500,-5236,-16240,4300,3580,-18640,-4156
1676,-17188,-2752,1324,-15236,2944,3928,-18712,-3400
13720,-16752,5576,15612,-13692,5680,10832,-10336,-5372
18024,-12732,5588,19004,-11416,2940,15408,-7972,-2716
16996,-10484,2380,16420,-11424,2172,17208,-10296,324
26732,-23000,17520,31312,-12464,14040,26264,-5456,6224
32767,-32768,-18248,32767,-30276,-29792,19712,-11240,-5908
32767,32767,-32768,14020,11580,-32768,5188,-16252,3280
-9284,8788,-12532,-17304,-3216,-11652,-6428,-12916,-8796
-5980,3772,-12760,-11580,-8640,-9056,-5384,-14340,-5360
-6500,-144,-13536,-10044,-10360,-3212,-1336,-15984,856
-4656,-4280,-12100,-6496,-9828,-5248,708,-15976,1260
-4748,-11276,-6676,-4160,-15332,4280,-1220,-11852,4356
-13812,-15324,4324,-4296,-14792,14080,4776,-16888,6104
-13184,-13956,8548,1280,-11852,17712,9052,-17108,2068
-10564,-14496,5720,3080,-12388,13920,10528,-14104,-2092
-9232,-13244,1972,780,-13408,10960,7424,-13560,-4532
-9480,-15700,-176,324,-15232,10224,7432,-14292,-4228
-8320,-14748,1144,1864,-14124,9880,8748,-12924,-4496
-11496,-6200,684,-4036,-8216,11524,4992,-13568,-3136
-17884,-11336,5028,-4992,-10684,17588,7068,-19252,-556
-13388,-8872,8428,64,-7304,16080,8620,-12748,-352
-7160,-2440,9928,2940,-3260,11388,10856,-11608,-744
-6048,-18444,12764,10112,-11928,15528,11188,-11048,-4364
-8280,-31652,10136,13036,-23240,17424,15256,-17340,-2556
-1036,-32768,-8524,5884,-30676,4088,9812,-18960,-4300
1924,-5136,-20136,-3324,-14656,-13604,-720,-9112,-9944
648,4128,-12796,-6808,-11188,-8168,116,-9492,-16420
6372,-64,-32768,-6400,-31684,-25040,14244,-32768,-22872
32767,-32768,-20328,32767,-32768,-32768,32767,27140,-27440
-3676,-27048,-6748,8456,-21468,-7400,4744,-32768,-4200
2796,-9988,1956,2888,-10236,2840,4804,-11420,3568
7260,-12792,-12408,5140,-15024,-4336,6688,-8704,908
-3772,-14416,-7632,-632,-18284,4796,3796,-22692,-492
-12856,-12280,168,-5648,-13276,11764,2352,-20148,1688
-16436,-7352,-256,-9596,-9284,12840,996,-17952,1376
-13008,-8240,-148,-6404,-9304,11936,3020,-14396,-1396
-12664,-6304,-1844,-8352,-8632,9300,-24,-15808,-3308
-20908,-16756,4684,-7820,-14760,20792,5656,-20908,-2940
-10676,-5640,3748,-3284,-5700,11208,6392,-12308,-1368
-10352,-9004,7332,320,-7212,15368,10028,-12588,-1076
-16768,-10040,9444,-2460,-7688,19860,9264,-17040,2592
-244,876,8672,5612,-336,5596,7236,-7504,-5616
6652,-32768,14780,23560,-29156,15216,19680,-12740,-3292
-2028,-32768,-4600,13256,-32768,4532,6492,-26852,-4312
11704,-10288,-24148,640,-16180,-15240,2460,-13516,-5284
5632,9880,-5064,816,728,-9868,-948,-1488,-6464
-3496,-4388,-26092,-9296,-24112,-10964,2896,-21212,-22324
32767,-27208,-32768,32767,-27632,-20700,9188,-32768,-1900
2676,-32768,4004,4828,-22280,1184,6008,-18176,5532
8748,-11980,-14748,7244,-17668,-12400,11280,-9416,144
2268,-12636,-7800,1044,-10904,-2156,4992,-16860,-192
984,-9360,-10216,2516,-14692,-2724,5256,-12016,1008
-8352,-8700,-5316,-6156,-14220,4208,1632,-21892,-236
-16996,-10488,1872,-8244,-11744,15400,2404,-19508,-1076
-11964,-10460,3668,-4524,-8980,11276,3048,-14576,-716
-12940,-6784,-672,-5344,-10480,10180,3352,-12800,-2432
12308,-29208,-9812,20984,-17696,-8084,11516,-26364,1136
4828,-12212,-12560,6136,-14648,-7888,12156,-12084,656
5920,-12312,-14236,2516,-17632,-1876,7320,-14964,-72
-4000,-8576,-9936,-2156,-15484,-1168,1604,-16620,1376
-9676,-9752,152,-5356,-8360,10296,408,-17680,2116
-12860,-8924,2084,-7100,-9368,11112,1364,-14136,1888
-10876,-10068,2968,-2688,-9560,11292,3112,-13124,288
-11248,-9868,24,-4696,-11172,9928,3340,-14092,-1776
-12372,-14184,2764,-2952,-12476,12972,6604,-17816,-3016
-15436,-14328,5008,-2220,-14444,16768,9408,-17512,-3216
-10568,-10496,4216,-780,-9836,12064,7340,-12548,-2820
-8468,-9924,3920,844,-8920,11404,8856,-11168,-3912
-8112,-11176,13448,7600,-6820,16024,15996,-12896,-1892
388,-14724,15840,14900,-8756,8556,14568,-7508,-7428
13084,-28176,11944,24092,-18940,4060,15996,-9296,-5872
6528,-32768,548,18108,-32768,5356,14196,-19612,-2244
6336,-25636,-21008,2048,-26884,-8704,4588,-18624,-2448
5412,4916,-4984,-2908,-268,-6956,-1976,-7964,-6356
-10900,-7136,1228,-4164,-8664,10028,3952,-12928,-1244
-13248,-17080,1740,-3792,-14096,14748,5728,-18624,-6580
-11992,-15924,5544,972,-14212,14804,9660,-15848,-3240
-8928,-11696,4792,1692,-11320,11204,8796,-11036,-3060
304,-600,9916,5304,-276,7320,8908,-8020,4860
1044,-8096,27516,16992,1472,17616,17276,-14200,15832
10816,-8500,32767,32767,-2752,16800,16304,-17456,17992
18380,-32768,32767,32212,-32768,21928,24624,30736,16208
592,-11572,11476,7432,-7264,6260,5580,-8692,6604
-1256,-1304,12088,6768,2604,10384,5540,-48,13168
1116,-7680,17780,14580,-3852,10724,10044,-3056,12284
-12024,-15148,7836,2072,-12208,16684,-220,-14048,8920
-7920,-17016,8900,2864,-14368,12800,4996,-13796,9344
-10380,-11712,5580,-956,-13896,12288,4620,-16124,8916
-11248,-11716,4404,-2192,-12232,11840,4992,-13244,6152
-10616,-11648,-3660,-8228,-13772,6528,2400,-16952,1820
-11768,-11968,-8244,-10776,-14744,4628,-1276,-18156,3116
-12304,-11912,-6272,-10456,-14156,4352,-924,-17332,1964
-10108,-9996,-7252,-9772,-13096,2696,-1056,-16916,948
-10648,-11532,-10328,-11796,-14884,2376,-1652,-19376,3660
-12908,-15192,-2528,-9120,-16084,11556,-1476,-22068,6376
-6636,-10012,7796,-2616,-8464,10880,764,-9188,6824
-1640,-1616,10756,2516,740,11108,1884,-4784,10048
-1196,2716,12112,2432,2584,10092,3288,-3424,11020
-2052,7700,30136,19532,14540,22212,12712,-7992,21828
11880,-10928,32767,32767,-2884,15388,8108,-23712,21088
9884,31172,18128,5216,10820,19372,7032,5600,12676
-3720,-280,13104,4736,4820,11568,2312,1768,14344
-3648,-64,13700,7200,4212,12424,3052,1152,15056
-3288,-788,16972,10184,564,13476,6844,1536,14740
-9748,-6204,11360,2800,-4024,15640,1940,-12016,10084
-12376,-7512,7168,-1544,-9284,15124,3680,-15324,9664
-14208,-15144,2936,-3468,-12676,15168,2296,-15572,9588
-13588,-10836,3948,-4884,-10860,13704,3892,-16572,7860
-7848,-14152,-5584,-696,-16764,7704,7088,-15692,-4384
13528,-22720,-5008,4068,-12088,-7316,5152,-18272,-5132
15456,-11088,-4124,10772,-14072,324,6656,-12764,-8280
16184,-9900,-1832,13816,-13900,-684,16772,-10444,-4208
17400,-10836,-5400,16568,-13576,-772,18468,-8404,324
32767,-19584,5600,32767,-21284,7692,30632,-2704,6492
32767,-30108,-27488,32767,-25836,-28564,8364,-18456,-4708
32767,31928,-32768,-1060,6764,-32768,84,-14944,2760
-13208,-188,-5868,-11392,-4048,-6280,-6652,-13484,-5984
-9608,1928,-13608,-13276,-8248,-5364,-5724,-17052,-940
-9248,-5956,-11208,-9532,-11636,-1324,-1208,-15376,3260
-4532,3744,-7956,-7344,-4992,-1144,-608,-15076,2484
-10984,-8880,-1484,-6012,-12728,6964,576,-16252,1096
-12260,-20236,2660,-1340,-16460,18128,6988,-16632,2340
-12324,-16272,7348,2972,-14512,16100,13120,-15040,-112
-8184,-14916,1904,2436,-14508,9264,8640,-13436,-5164
-7664,-11028,56,852,-14524,7668,7344,-15348,-4912
-2972,-22824,-1104,2960,-22852,10404,5920,-21428,-5664
19588,-13508,9664,14832,-11548,5208,10128,-16556,-4444
15976,7504,2840,16528,20,6004,11256,-10704,-5168
21020,8880,11116,20760,4068,11256,19384,-5956,4756
32767,11916,12304,30900,3684,12852,21580,-6716,8184
32767,-31348,-24960,20448,-32768,-12316,-1812,-24852,-4852
20224,25844,-29856,-11224,11416,-27600,-4700,-22776,-6072
-7680,3044,-12588,-12580,-7792,-11020,-6616,-15748,-3132
-5784,1256,-13516,-9300,-9336,-5700,-3884,-13636,-176
-2540,-5796,-11036,-5016,-10340,-6992,588,-13968,3316
-6128,-7980,-7036,-6196,-12864,204,-436,-19192,3060
-15836,-18672,-656,-6032,-17320,15252,696,-22548,3540
-14876,-12332,6684,848,-13640,15916,6204,-19452,1856
-10568,-18208,1816,-4480,-17416,10028,3836,-15764,-172
-5816,-16788,672,-288,-17720,6640,9420,-15064,-4004
-5356,-12924,1508,-84,-14624,6460,8876,-13772,-1692
-4348,-18688,3988,3076,-16848,8808,11144,-14320,364
-5236,-15308,4368,2760,-14908,7688,10216,-12820,292
-5172,-14912,6740,3640,-13260,9964,10624,-12688,1280
-1668,-13568,16336,10524,-10500,12340,13608,-9972,2676
7392,-11536,12492,13776,-10528,4720,13444,-10988,-204
16520,-13460,3252,17524,-14180,812,15392,-12704,-2244
24732,-5980,7516,17644,-10928,1160,12544,-15544,-992
21908,-13260,4888,18036,-16328,3060,11416,-9340,7652
17472,-21304,5776,13564,-19984,4112,9420,-10816,5784
30104,-32768,64,14676,-32768,6900,-132,-32768,-3056
32767,-32768,10944,32767,-32768,-15624,32767,-32768,-5236
28456,29732,9256,25848,18692,2120,9712,12196,18416
-11108,3540,11788,-9916,9884,14524,-6564,-8756,14532
-408,16968,12168,1596,14656,9188,-3880,820,12196
-9640,2896,12564,-7764,6012,12296,-8280,-4000,13492
-7732,3680,13040,-5100,3464,10248,-4892,-3252,11588
-7064,-4792,5488,-5888,-4928,9744,-4696,-5360,10004
-10972,-13436,8388,-8976,-12012,12396,-4564,-17876,9448
-15024,-13760,3896,-8516,-13648,15188,1012,-20804,4588
-10556,-16576,1144,-4300,-14908,10428,3704,-18248,2836
-11852,-13292,40,-4968,-15328,8944,5288,-16240,-704
-8124,-15640,2504,-1240,-15576,7732,8616,-13532,-2652
-8576,-15872,3072,532,-16296,10112,10212,-16240,-748
-6544,-15128,5064,2964,-14440,9168,10420,-11800,-1124
-6076,-12536,15912,9128,-9972,14644,15304,-10288,-520
5548,-17680,19264,18916,-11776,7740,16076,-7812,-592
16008,-14760,6800,17828,-13272,-3808,14316,-10392,-1460
-7516,-15552,7452,1716,-14852,12652,5300,-18348,956
-5636,-17876,3868,2832,-16552,8584,8560,-15560,-1716
-1196,-19948,5868,7688,-16876,7004,13772,-13352,-1564
-2476,-16884,13148,11060,-13008,12248,15800,-11304,2380
328,-14484,17864,16096,-10280,10656,17176,-8380,3648
8092,-6288,13064,14332,-5728,4836,11756,-8012,1832
21764,-1592,1560,15520,-3412,-5836,9372,-12440,748
32767,-8120,-2992,25348,-11084,-7944,15684,-10512,-1504
30324,-13656,3656,25428,-14360,-2580,20268,-10368,976
17896,-9812,7640,16332,-11988,3604,13116,-10220,5920
27752,-21032,9604,28464,-26820,10060,19884,-8916,10340
32767,-32768,-504,32767,-32768,-4700,-1204,-32768,-2988
32767,-4460,-26812,32767,-17924,-25172,32767,20140,-12424
30376,28952,2332,20528,20644,4256,3312,15768,13848
-8864,6384,5056,-5316,6340,6888,-10044,1724,14260
-144,9868,10500,868,10344,6884,-2248,5248,10932
-9476,-19352,2264,-2424,-20368,10316,5672,-18316,3460
-7700,-17356,2320,512,-16188,8488,8420,-13360,-3292
-6216,-14680,5824,3816,-13944,9416,11224,-11536,-1492
-7616,-17536,10200,6844,-13792,14044,14492,-12332,1256
-5492,-15468,17768,11656,-11332,13952,16028,-9428,1404
6996,-10004,14820,14644,-7008,4624,12780,-7544,136
20196,-3108,2668,16344,-6116,-6368,10588,-10324,-688
29856,-14644,-6612,22176,-16868,-5696,13632,-6328,-1524
23732,-17184,2832,19948,-14724,-4492,14952,-12008,764
15300,-11356,8936,15276,-11124,3888,13640,-8088,6752
23120,-26700,912,21320,-29860,4148,16424,-13064,10256
32767,-32768,10632,32767,-32768,2708,-7732,-32768,-676
32767,-29668,-32768,32767,-32768,-29028,32656,-32768,2072
32767,29032,-5680,32767,20404,-3820,8668,15920,13580
-11836,-13044,7056,2760,-11912,14496,10216,-13696,-2476
-6696,-9772,6588,4036,-9556,11044,10132,-12212,-3944
-7224,-17028,856,2488,-17580,8620,9052,-13088,-6632
-6668,-17412,-876,1732,-16108,7968,8540,-14540,-5164
-10540,-14504,3928,560,-14536,12548,8016,-15408,-4216
-12416,-18012,2084,596,-18684,13980,7628,-19296,-4064
544,-5956,11172,4944,-8632,15692,7568,-17452,-4248
12892,-7432,12332,12304,-6916,6628,8736,-6716,904
14656,7628,14192,18560,3960,13628,15956,-5988,9232
25196,8588,32767,32767,4148,23272,18440,3348,13948
32767,-24740,15528,17880,-17916,-4572,3012,-22284,-1620
14160,5732,-23072,-1068,-1360,-25148,7476,-18376,-9188
-9012,2284,-18004,-10492,-11988,-9544,-6408,-18440,896
-8736,-1048,-10880,-9808,-9612,-3204,-3896,-14248,876
-2580,-5332,-12220,-4572,-11420,-4524,2412,-16068,5312
-8536,-12456,-12532,-5768,-15608,-2556,-76,-19744,2676
-11860,-8136,3316,-9808,-9680,6324,-236,-15212,5920
-17044,-13012,6748,-4424,-12460,18388,6500,-16412,4240
-14636,-12804,4448,-2012,-13428,15000,7540,-15716,56
-11264,-11448,4744,-504,-11364,12112,6292,-13420,-3636
-10804,-13972,2716,-820,-15004,11180,6896,-17444,-5168
-9668,-13712,1096,-832,-13640,9880,5512,-13952,-3620
-9668,-10240,2572,-588,-11480,10196,6060,-14016,-2824
-12920,-16384,616,-3944,-16124,12464,5904,-21804,-1948
-792,-18932,6312,1732,-16648,10384,-652,-17608,-2228
13472,4356,13448,12732,-1824,5828,8976,-11024,16
17120,5856,11068,18804,2044,9940,17176,-4540,7772
18364,16404,15232,22500,19496,13632,18228,-1268,11004
32767,-23352,32264,32767,-26992,12188,15056,-13552,5356
32767,19056,-32768,10192,5492,-32768,16368,-12480,-416
-6264,6940,8116,-7808,11172,10256,-8156,3800,13080
316,11572,12392,-2268,13364,5832,-4328,4644,12612
-108,-3180,6492,952,868,9552,-1296,-2532,8044
-6436,-9428,8428,-6276,-7168,13436,456,-9180,14304
-9856,-17128,8820,-2832,-15888,13620,436,-17204,8516
-8272,-21928,4708,-568,-19508,13788,6648,-18124,4216
-12936,-19068,1092,-2900,-18380,12560,6624,-20228,-352
-9516,-14256,4196,44,-15804,9580,9140,-10704,-1880
-9456,-16272,5636,2116,-14352,12192,11876,-14636,240
-10352,-15656,8688,3888,-14224,13016,12384,-12216,432
-9440,-15260,12552,6848,-11712,15484,14448,-11328,2508
4480,-10068,18300,14656,-5744,8424,16256,-7000,748
15800,-2356,7228,16292,-6148,-100,10876,-11844,-3820
32767,-9088,-12028,27520,-15360,-5748,13848,-12892,736
23444,-7964,-4568,19608,-12968,-4112,16580,-8992,1952
17896,-9312,3028,14788,-14008,1676,13260,-9820,7832
32767,-23484,2584,25980,-31916,4160,16056,-15848,12984
32767,-27396,-12116,32767,-32768,1180,-6852,-32768,728
32767,-16320,-32768,32767,-30100,-22624,32767,-1844,4712
27084,32767,2716,19400,27440,4076,5700,7948,16104
-4812,9840,8540,-3040,9444,10112,-7588,3532,14940
-6620,9232,14948,-7524,9108,8684,-3972,1988,14904
-5404,-360,4180,-5032,2508,6936,-3248,-2440,11260
-5092,-9840,10260,-3468,-7044,12064,332,-11152,8524
-8356,-18120,11300,-5056,-14776,15912,2244,-17636,11380
-7160,-17812,12596,-1264,-15320,16108,4180,-17748,5600
-11308,-15940,6104,-884,-15428,13476,6496,-18112,984
-10388,-13012,5292,56,-14608,11816,9860,-14940,-1920
-2712,-17116,600,2924,-17276,3836,10292,-14416,-1208
-3864,-18504,1536,4124,-16248,8888,11396,-14988,148
-8496,-10900,8424,3276,-8988,12996,10524,-12192,-752
-2092,-9684,14576,11236,-8372,10356,14176,-10680,-4004
4188,-19480,11084,15832,-13124,5648,14260,-10648,-7320
4632,-32768,9732,20512,-25720,9388,18556,-12232,-5600
1016,-31668,-10164,7308,-29112,2640,8584,-20816,3200
1752,3168,-6256,-4224,-1248,-4856,-2228,-3720,-5348
748,4084,-15740,-7480,-11744,-14128,-332,-12264,-10960
22652,-19824,-32768,9132,-32768,-18556,11604,-32520,-12212
27800,-32768,-32768,20668,-32768,-31188,32767,15544,-6144
6712,-14044,-10980,5476,-15408,-8528,10600,-8784,-988
3644,-6864,-6408,1092,-6560,-5236,6468,-12160,1496
832,-16624,-13932,392,-17532,-5304,4048,-11896,1680
-8812,-12224,-3308,-3072,-15816,9416,452,-23312,1692
-12548,-14584,-608,-6636,-13804,8960,-1132,-14952,1664
-9472,-9180,-1120,-4604,-10860,8792,2544,-13844,-604
-10228,-7248,-936,-7536,-8656,8972,768,-17516,-4720
-13808,-10716,-352,-6408,-12704,12360,5308,-17360,-3196
-12704,-13716,3796,-912,-13160,14668,9280,-15224,-3044
-12940,-12560,6920,268,-10672,16452,9772,-14476,-2040
-9428,-11076,5976,1248,-9392,12536,9464,-11348,-2276
-6272,-7876,9792,5844,-5644,12084,13688,-10324,-1360
-276,-16272,15020,14148,-11224,10776,14012,-7280,-6704
2112,-32768,16392,22148,-19372,14088,17020,-13532,-9028
-124,-32768,5948,20524,-32660,10628,8292,-22120,-5116
4276,-15264,-15480,44,-17904,-5940,3552,-12520,-2948
2380,7740,-8524,-4260,-2312,-7768,-4008,-4524,-8296
-3364,420,-17252,-8988,-15416,-6292,4896,-18476,-15808
32767,-25948,-32768,32767,-32768,-10804,4752,-32768,13256
8792,-15716,-14232,7620,-16828,-9916,9564,-16232,-10424
6336,-21612,5032,11184,-19568,2024,9452,-12608,2964
-11536,-12548,2396,-4764,-11532,10976,3380,-14948,5080
-12060,-11864,-3232,-7516,-13544,8452,2988,-16836,2960
-11520,-12040,-3912,-8796,-13644,6844,1096,-17388,424
-11816,-13288,-4652,-8556,-14028,7420,916,-17476,2752
-10420,-11136,-4296,-7648,-12640,6528,1296,-15772,1632
-10084,-10768,-2716,-7192,-11524,7180,1272,-15652,1100
-15420,-15604,-9204,-13068,-18732,7460,-1668,-21304,1784
-11620,-16584,-5136,-9080,-15832,7816,-284,-19096,2268
-6192,-13600,4288,-2164,-10288,9968,1300,-12228,5884
-5888,-8940,9948,1188,-5812,12824,4256,-10292,7756
-4484,2208,12192,2084,4336,12352,5568,-8424,11276
4544,480,29288,20972,10480,17664,8608,-10372,16324
10548,-15728,32767,32767,-9192,17888,10332,-10028,13956
-2168,-13780,19504,11816,-3260,14964,8212,-824,14212
-660,508,14060,8760,2640,11184,7276,-3364,13492
-3960,444,16320,9324,2340,13476,6836,-1288,14236
-1460,-5792,15016,11392,-2800,11984,9220,-6700,9840
-11880,-8940,8312,-344,-7356,17452,1260,-14624,10964
-11816,-14604,5412,-336,-12572,14576,4456,-16084,8812
-11600,-9604,4248,-3064,-10300,12332,4676,-14944,8424
-10432,-10620,1788,-3768,-11916,10412,4884,-15292,3612
-11296,-13236,-1048,-6596,-13628,9284,3104,-17768,108
-11684,-11336,-3752,-9008,-13356,7332,544,-18400,-460
-11400,-12972,-2592,-7904,-13844,7768,1832,-16772,72
-10072,-10724,-3352,-7684,-11800,6368,588,-15772,440
3296,8772,29172,22960,10600,19176,14332,-12160,16620
9136,-24404,32767,32767,-15304,15664,13680,-11172,17284
-2836,-2008,12764,6628,-3376,12556,6132,-792,13592
-4428,-2800,14500,7372,3156,11596,4144,-1348,14572
-3368,68,17736,11272,1596,13732,8440,-3272,13792
19004,-16596,7960,18440,-14148,-428,12220,-11220,104
14608,-21796,4436,12196,-20360,584,10724,-15100,5864
8072,-24108,6768,8368,-21100,4844,8452,-12160,7332
13524,-30292,10740,12500,-30488,6008,8444,-20428,4904
32767,-32768,17932,32767,-32768,-12344,22620,-32768,-3996
32767,26232,7416,32767,13392,-7028,32767,6960,10468
-3740,22880,7076,-3044,16892,4952,-4160,700,13596
-10324,1212,13276,-4048,1800,14076,-8080,-4972,13928
-5888,4472,11040,-3368,4752,12584,-3532,-1916,12648
-3808,-332,5608,-2328,-2408,8124,-4324,-4504,10808
-9764,-11408,-840,-9136,-13876,10132,-4092,-17400,8140
-11368,-18680,2216,-6068,-17672,9860,220,-19920,6852
-9608,-18980,-1376,-3888,-19260,8344,5020,-18404,4168
-10000,-13932,1668,-4000,-15416,8544,3844,-16960,-2164
-7064,-15212,-980,-2176,-16676,5044,7368,-14844,-2052
-4556,-18304,1592,1060,-17280,6172,9032,-15420,4
-5232,-17004,2448,1516,-17092,6588,9480,-14360,-380
-6016,-16824,6708,3776,-15644,10256,11644,-13588,992
-2640,-14340,15040,10804,-12160,11560,14416,-11504,2136
9904,-9340,12044,15516,-8644,928,12316,-10884,-2304
23204,-17348,5052,20992,-14644,-4732,14360,-12756,-3720
25100,-20208,5828,24728,-18888,-4372,17784,-13808,816
15420,-23076,7524,13928,-18812,-400,11052,-12996,3176
-11296,2268,8844,-7548,3796,12228,-5460,-6280,12744
-5816,1268,4964,-960,412,9252,-1708,-5244,9352
-3864,-8752,12760,-2936,-10756,9852,-2324,-15232,5580
-7452,-19472,6668,-3416,-15280,13472,1120,-20192,5604
-9592,-19852,2012,-1052,-19272,11928,5928,-18252,3272
-10404,-17748,4196,-44,-17328,11280,6892,-15704,-820
-6304,-19240,-1544,624,-20152,4840,9672,-13776,-4860
-5776,-4316,16528,9224,-1456,14688,6952,-10132,9212
-12320,-6880,8372,-1284,-6464,15696,-600,-12712,8644
-12648,-10472,5580,-3360,-9264,14324,2600,-16248,9464
-12852,-10216,2116,-5792,-9696,12744,2160,-15648,9744
-14464,-9896,3260,-5464,-9620,14644,3464,-15600,5144
-9900,-10028,-1132,-7572,-11524,7764,412,-15300,2192
-10552,-10972,-3436,-7616,-11752,6956,908,-15680,2320
-12816,-10920,-4208,-10232,-11304,7560,-2404,-18452,3664
-11860,-17792,2052,-12632,-15268,9624,-5108,-21736,5008
-8220,-13552,9464,-3792,-11172,14636,1104,-13992,8772
-2220,-7100,12572,1072,-3948,12524,2588,-7116,10440
-2160,4012,10488,2052,3768,10048,2188,-2492,9812
4568,9348,13796,10016,14368,9072,6424,-4888,14644
5124,1276,32767,32767,5380,24284,7752,-8932,20500
1288,-32768,32767,23424,-32768,14424,19932,9520,10948
-4312,1288,16052,9836,3340,13820,6968,-3392,14324
-2920,1604,16088,8588,3156,13616,6620,1856,14072
-2584,-5612,14228,10832,-1592,12772,9052,-6608,10736
-10256,-10340,6600,1220,-7472,13132,988,-14176,8024
-14416,-11140,4888,-4152,-9496,15956,2676,-14052,11052
-12624,-10604,4780,-3268,-9416,14324,4228,-14764,8924
-14868,-9568,2900,-5224,-9588,14848,4036,-16504,7460
-10692,-9600,-492,-6864,-9960,9472,2004,-16364,2428
-12856,-13220,-3112,-9440,-13384,9280,-596,-16556,656
-12836,-12544,-2844,-9100,-13320,9336,664,-18228,2224
-10776,-10252,-5792,-10028,-11636,5120,-2328,-16316,916
-9288,-14812,-9276,-9808,-16012,3644,-3464,-19048,-232
-11772,-24376,1632,-4132,-21932,13720,1660,-20964,-516
-6332,-16572,11032,4704,-12492,14300,7672,-14092,4680
-4224,-6996,10424,3464,-3136,11136,6756,-8572,6476
-5592,-18248,10876,7392,-14880,13640,12616,-12716,2172
2344,-10328,14960,13672,-7708,10368,13584,-8048,1564
19552,-3456,128,14136,-6676,-7844,10908,-12064,-4176
30032,-7472,3508,23568,-11084,-4152,14176,-11588,-4764
29252,-17424,-1940,25612,-16608,-2108,24620,-12624,1196
15780,-13564,2568,14236,-14772,-992,11508,-11276,3904
29496,-32104,6724,27328,-30396,7620,19468,-10332,9468
32767,-32768,-1792,32660,-32768,-10104,-6716,-32768,-10288
32767,-23240,-636,32767,-27124,-11384,32767,-27472,8880
32767,30288,13220,24772,26644,4040,8724,17732,12252
-11648,8628,4032,-2100,5132,8684,-10028,1032,13752
692,-1468,7024,1244,-1092,8252,-764,1916,10112
-6212,-12236,5876,-2044,-10472,11868,2584,-11240,13540
-11884,-13568,10968,-7228,-12212,17120,2180,-19972,9800
-12628,-7056,14240,-1896,-7452,20324,3960,-18716,4564
-8244,-19928,8980,-4140,-18296,14780,4232,-16592,2404
-4216,-13404,3608,580,-11156,8724,7316,-16816,-2504
-2572,-12580,5132,5940,-12020,9852,12256,-14392,720
-4488,-20592,7548,6292,-17308,11204,12300,-12936,1416
-4344,-12960,14836,12188,-11464,14436,16872,-11192,4436
8392,-9544,15124,15916,-7092,6940,13832,-8364,1540
22136,-6640,2264,19184,-9004,-3168,12188,-11796,180
31060,-5828,-8028,24392,-12280,-9488,13928,-8644,940
25804,-10836,-876,20776,-14176,-3228,17404,-8176,1348
18748,-9288,7400,17372,-12080,5360,15828,-6936,8080
32767,-32384,-4816,30252,-32768,-1928,16876,-15312,9760
32767,-29944,2712,32767,-32768,-7080,1664,-32768,-5096
32767,5488,-26112,32767,496,-18976,32767,32767,-9072
14780,32767,10272,3952,23476,4716,-2420,6808,11196
-6004,10392,13188,-3740,10784,12340,-3080,5100,16572
-6576,12040,-11544,-10336,-1880,-14496,-6464,-15416,-6748
-6804,-2432,-12904,-9212,-12808,-3348,-4752,-15312,676
-3424,-2672,-15364,-8868,-12444,-17000,400,-16448,688
-5640,-11012,-13208,-3536,-16700,-800,4144,-18668,1416
-9220,-8268,-9208,-10100,-14452,-460,-1148,-18628,2984
-8936,-12868,-756,-2124,-15468,7784,3488,-15112,2612
-10844,-14104,8236,180,-13216,14912,8508,-15760,1332
-9828,-15116,8832,4772,-10916,15216,11852,-13508,-268
-7436,-16188,4992,4772,-14012,11380,10240,-11820,-3988
-8516,-14120,3396,1852,-13496,10988,7884,-15304,-3728
-7932,-12972,3840,1928,-12456,10996,7260,-14036,-3364
-9116,-516,-11544,-10900,-8324,-11596,-2900,-16704,1048
-6224,-9908,-13828,-6164,-14744,-3820,2288,-16568,4200
-8620,-1472,-9576,-9360,-10596,-700,-2756,-17768,464
-11152,-5452,-8,-8112,-9560,7496,-1316,-16724,3340
-11924,-17780,10144,1964,-12016,18872,8004,-13708,3036
-13488,-12736,7832,2076,-11148,13392,9720,-14908,3404
-9896,-12616,5716,1272,-9608,12704,8016,-13444,-2908
-9032,-15792,1460,1260,-14900,10716,8236,-15128,-3080
-10352,-13168,2304,-1596,-12996,12044,6304,-18516,-1208
-1684,-24548,4704,4624,-17928,11196,8544,-17988,-508
14940,3040,11396,15620,400,10364,13512,-10092,5500
30504,-4100,31292,31168,-5400,20048,22680,-5092,11776
32767,-32768,8660,28008,-32280,-8940,10376,-12328,-2684
27416,24292,-24884,100,13712,-32768,2256,-14904,-6724
-4296,4752,-19796,-8200,-11244,-13888,-5592,-18244,-3560
-4744,3608,-12492,-11212,-7556,-6016,-1156,-15228,-1720
-6280,-6440,-8692,-5076,-12560,-552,1532,-16668,800
-10100,-7252,-8892,-7648,-14320,8488,-2144,-17472,880
-10652,-13216,3220,-3120,-16188,11164,4200,-19424,5344
-4724,-17280,4684,4972,-16428,8008,12252,-12632,-640
-4052,-16736,9900,8284,-14436,9636,14080,-10116,332
868,-13832,13684,11888,-10944,7388,13800,-9816,860
8528,-14304,11408,14668,-10616,3288,12620,-9324,420
14948,-16948,5160,15244,-13332,-5572,10740,-11476,3928
7424,-20164,3776,10748,-17756,76,10568,-10736,3116
4432,-17196,6820,10640,-14532,4116,11648,-9828,7540
744,-20688,10684,9484,-16528,6516,10072,-10732,8368
2112,-32768,6384,9900,-29468,4904,10388,-19164,7424
14612,-32768,18912,27936,-32768,3280,9964,-32768,-2544
32767,-21308,29240,32767,-13160,-3060,29760,-22276,5836
9776,28412,13900,12160,20680,7952,756,4308,12460
-13756,-2596,11800,-8036,2340,20420,-6456,-6676,15872
-11180,2460,11700,-5704,3192,17096,-3560,-6664,13284
-11140,-1372,8016,-6956,-1868,10968,-5412,-8984,8076
-12936,-7124,4204,-11752,-5972,10536,-6500,-15456,11152
-17328,-9660,-416,-10240,-9108,12788,-3536,-14484,9284
-15316,-7660,196,-11740,-9172,9996,-1300,-18308,2328
-12468,-11004,-524,-7572,-11744,9172,1472,-16904,556
-11948,-10864,-3788,-8644,-12772,5136,2944,-17572,-4700
-11312,-16592,-1932,-4800,-18012,7708,7360,-14876,-3088
-11128,-15340,-36,-3636,-16056,9332,7780,-16252,-1244
-9716,-15124,84,-2656,-15936,7932,8432,-14344,-2376
-8572,-13780,2240,-788,-14464,8572,9404,-13376,-1208
-9820,-13760,5580,668,-14348,11772,10688,-12924,-356
-6156,-11096,8508,5032,-11620,10780,12340,-11208,-452
7728,-22532,4492,10296,-18464,1396,10064,-10584,6044
-124,-24560,3536,6016,-24032,7040,8604,-13484,9060
12912,-32768,3388,12608,-32768,-192,7796,-32768,4868
32767,-32768,32767,32767,-32768,-14372,32767,-32768,-2076
-3492,-16968,544,3660,-14416,7420,8284,-10748,2760
-8596,-11596,-868,-3180,-13436,6948,2728,-15812,3448
-15316,-7636,2860,-6956,-7168,14448,-304,-19044,4672
-15956,-7252,2204,-7060,-7680,14800,616,-15976,3916
-14304,-7420,2216,-6600,-7504,12824,852,-14192,1248
-9804,-8200,2580,-4212,-8036,10716,4136,-14728,-176
-15312,-9604,5368,-4436,-9204,16920,5440,-17844,1752
-15312,-12032,7664,-2532,-9920,18172,6908,-17688,332
-12692,-10092,6664,-560,-8892,15636,7396,-13580,172
-7540,-7076,8824,3224,-5984,12816,11428,-12248,-204
-180,-10876,8844,10444,-6252,8172,13120,-12448,-4428
6432,-7044,-18272,-1532,-10948,-11072,212,-8712,-6176
1196,8900,-5424,-4892,-940,-7336,-148,-7304,-10928
17604,984,-32768,3932,-26716,-22924,17464,-31668,-17892
32767,-32768,-9900,32767,-32768,-29384,32767,12912,-29480
9308,-16312,-6404,2840,-15428,-5080,12320,-10820,-4964
6496,-10996,-13172,14304,-19216,-8456,8344,-12316,3620
-1056,-16148,-9504,2096,-15488,1196,3808,-15308,3540
-5052,-9252,-7572,-4620,-12920,1720,328,-21100,1956
-15280,-4200,4864,-8808,-5336,13612,-1684,-15968,4236
-3824,-27672,19036,18680,-18324,17188,16856,-13036,-7300
-3688,-32768,3340,15188,-31368,12812,7136,-22804,-1116
6660,-10556,-18152,-996,-15316,-9824,1788,-12672,-3332
3064,5944,-8252,-2800,-2096,-10356,-2620,-3836,-7000
6120,260,-22656,-3616,-18080,-14356,4140,-16712,-13468
32767,-32768,-30140,32767,-32768,-12236,13900,-32768,-8076
17292,-3028,-18000,1456,-3508,-27940,6052,-32768,-9016
12964,-16392,-7920,14924,-17648,268,10008,-16264,924
4072,-15484,-6072,4936,-15952,676,7488,-11156,3348
-8732,-8468,-2132,-5152,-11980,3860,-796,-11372,1560
-14392,-16580,11484,1736,-12856,17040,6560,-16580,-112
-10012,-12944,9704,4200,-11448,14724,10540,-12920,-988
-8200,-10848,6568,1880,-10472,12184,8456,-14800,-3884
-8576,-16452,2740,864,-16168,10504,7456,-14568,-5016
-9548,-14964,-3800,-2720,-16120,8184,3716,-16888,-4700
-5880,-14256,-6196,-1236,-17008,4568,4432,-17784,-7320
5376,-15732,-540,6220,-15284,2860,6468,-13932,-9056
14368,-11152,11100,18228,-7952,3384,15336,-6744,-7224
16780,-8440,11112,17896,-7996,3724,16192,-10300,-296
20996,-372,16564,22420,-292,12988,20624,-9276,2396
32767,-28252,9644,32767,-27464,-3224,19968,-13328,92
32767,-4788,-15820,31896,-7588,-28356,13128,-3004,2240
6720,15296,-19716,-8284,-5944,-22248,-184,-10480,-14196
-10128,8040,-10692,-12256,-5160,-8856,-6920,-15596,-3624
-10020,-764,-11504,-12256,-10620,-3356,-4396,-15084,832
-9640,-4248,-8796,-7664,-10392,192,-1784,-17016,2212
-5828,-10704,-4824,-3900,-14340,1716,6136,-17656,1588
-11180,-9160,-3036,-8336,-14276,4944,8,-20472,5384
-11672,-26192,5132,4624,-20268,12620,5428,-13992,2624
-7488,-13196,8256,3484,-11452,11856,11312,-12348,308
-7260,-14236,9784,6840,-10500,15440,12984,-12200,-788
-7024,-18548,4140,5280,-16128,11044,10888,-12452,-4720
-8228,-15024,3572,2488,-13472,11092,8516,-14232,-3216
-8744,-14160,4824,1704,-13452,11696,6772,-15444,-3876
-3732,-17016,3724,2616,-16504,12308,6004,-19748,-120
15080,-12212,14148,13668,-12860,8160,8472,-13776,-2284
18988,3660,8768,19624,-2076,7764,14644,-9336,144
19392,6292,17096,21392,3220,12352,18648,-6768,8360
31724,-20272,21384,29412,-15628,9508,20048,-4496,12868
32767,-8536,-14940,22848,-14988,-14192,2348,-21900,-2752
-11208,-7256,732,-6048,-8372,8792,-720,-15520,1168
-12788,-8660,4780,-5700,-6176,13652,1204,-15036,2076
-13788,-4952,1392,-6720,-7008,11988,604,-13528,-944
-14356,-9112,1464,-6256,-10548,13844,4636,-18900,-1120
-17032,-11920,4944,-4776,-10232,17696,5520,-18752,100
-12020,-8636,2352,-2776,-8564,12476,4840,-13404,-1152
-7732,-3192,7136,1724,-2336,11732,9208,-11916,-336
-6148,-15136,14844,10788,-10684,14468,14752,-10064,-1992
-3928,-16132,11368,11608,-13292,11044,14188,-12472,-8476
-548,-28704,17608,19900,-18648,15588,18104,-12576,-6020
1120,-32768,-12,14672,-31088,8620,10840,-22540,-248
-160,-6488,-15368,-5268,-12868,-5940,1432,-11568,-2244
2100,4792,-9552,-3168,-5868,-8772,-1212,-4752,-8456
2236,-10076,-26488,-2780,-24512,-6132,10032,-17672,-12376
32767,-32768,-32768,32767,-32768,-26972,32767,-29204,-3508
22892,-18924,-16320,14232,-13936,-15828,10296,-27064,344
6252,-21856,-4620,10868,-18420,1092,9236,-15476,2572
-6164,-11368,1160,-852,-9996,10916,3192,-13832,2164
-10064,-8348,-816,-6136,-9776,7932,-680,-15564,2912
-15396,-7280,2072,-6992,-6940,12828,-508,-16064,3180
-13236,-10532,-616,-6800,-9524,11788,372,-15996,2460
-12908,-7108,-680,-7252,-9232,11532,780,-15216,-784
-17248,-10848,1896,-6028,-11352,16336,4680,-19856,1092
-16092,-8104,4424,-4508,-7788,15928,4544,-16960,2216
-10804,-8320,3252,-1424,-7764,11968,4780,-11756,764
-11092,-6080,7400,944,-5348,15028,9664,-13988,2608
4160,-5736,14340,13300,-3880,5976,12916,-10524,-3608
15316,-32768,12016,29864,-28964,2780,24012,-12464,-8308
9108,-32768,-21696,6436,-32768,-6880,5280,-20388,-1908
3004,-196,-12620,-3560,-6772,-7808,-2856,-6164,-6432
-3304,4544,7748,968,5332,7808,4984,-7108,8844
3732,7076,27536,23044,9620,17132,15072,-11860,14432
20180,-27184,32767,32767,-18348,15364,15828,-13192,19944
-1632,-5788,22096,8144,-3748,17340,11600,-1300,12704
-1152,-10400,15828,9336,-744,13580,9500,-6080,13152
-2732,480,18064,11896,1588,12360,9524,-5532,12800
-4936,-416,15964,8508,-320,12876,8120,-6380,11876
-8640,-10956,8972,2804,-5988,15252,3560,-10248,9328
-8804,-10012,11036,3672,-8824,14660,5460,-11996,9460
-11716,-13804,6592,1944,-11224,17024,5568,-15036,9448
-10432,-12972,5120,-88,-11976,12968,6772,-15804,6540
-10576,-11644,-1284,-5176,-13616,8480,1668,-14604,2920
-9444,-12520,-4068,-7408,-14400,6340,1064,-17260,1688
-10932,-11848,-6608,-9840,-13656,5604,-2020,-17692,1732
-9284,-14060,-7004,-8548,-14696,5228,-1080,-18700,1584
-13524,-30720,-4256,-8872,-27896,12140,-68,-24232,2596
-5608,-19160,6896,1988,-15832,12364,4440,-18196,4068
-908,-260,10556,3700,168,9156,4972,-6824,6780
-512,12576,10108,5164,9312,7520,6684,-3068,9016
6804,7660,18956,19492,4688,9436,11192,-17852,12460
13760,-32768,32767,32767,-23064,16656,13512,-13576,13280
-2608,1140,32312,19160,-4608,17420,14044,-12920,10432
-3784,-14256,13076,9336,-5848,12852,6492,-7360,12136
-2204,-2440,12116,7224,108,10052,5680,-5396,10400
-3240,76,17616,10388,336,14164,9720,-3344,12512
-424,-10148,15848,12528,-5432,11712,10880,-11212,10176
-11384,-13320,6832,2016,-9980,16144,3640,-13108,9552
-12828,-14112,4164,-1912,-11388,15604,4524,-17672,9860
-12540,-11104,4484,-3408,-10352,13096,3996,-15816,5392
-10148,-10120,1200,-5172,-10624,9588,2756,-15972,3680
32767,32767,17264,32767,29944,-1964,16808,16140,12784
-7780,6960,10544,1844,2496,13528,-4300,-3508,16192
-12524,580,13312,-8592,3144,13884,-5572,-6188,14848
-10104,1420,8376,-4592,2280,13040,-3736,-6444,10880
-6868,-6812,5904,-5548,-5516,8532,-3160,-9928,7500
-14864,-12464,-952,-11696,-11972,11348,-4960,-20436,9268
-16976,-12540,-656,-10596,-13176,12408,-1356,-18052,5584
-17012,-14948,2968,-7028,-15436,15376,2704,-18540,376
-10428,-11876,380,-5640,-13140,7472,4004,-14796,-1664
-9848,-11960,-1380,-5676,-13668,6396,4748,-17068,-4424
-10276,-15928,-176,-3540,-16776,8360,8068,-15908,-2252
-9068,-16424,1164,-1504,-16688,8756,8376,-14684,-756
-7444,-15692,2044,28,-15652,7808,9132,-13200,-1304
-7256,-15048,5696,2328,-14336,10244,11552,-12556,-840
-3060,-13096,9644,8788,-11876,10252,14248,-10940,-572
4116,-14816,11436,11896,-11512,4788,11912,-10152,-1312
11680,-15800,9564,14352,-13556,156,12136,-12652,1960
10060,-19728,6272,14420,-17164,-756,12652,-10796,2804
4384,-19388,6888,10240,-16388,3576,10308,-11728,6504
2284,-24924,6464,8312,-20800,5644,9564,-12852,7500
4568,-32768,6672,11208,-32768,3244,8764,-26592,3256
32767,-32768,31268,32767,-32768,-12848,28756,-32768,-4480
32767,22048,20588,32767,16124,-2304,31444,12604,9500
-6440,13760,11196,-4472,11972,12344,-4128,-1848,16700
-13704,192,11096,-8552,1320,15188,-7736,-6692,13988
-10200,1812,10912,-6544,3816,11008,-4736,-5008,12380
-8220,-724,4216,-5472,-1668,8908,-2276,-9472,8016
-14332,-6984,312,-13016,-9984,10688,-6584,-18996,7812
-14992,-10672,-108,-10532,-10712,9868,-2224,-18252,4452
-13644,-9788,-1532,-9148,-12392,8592,1084,-16808,2988
-6056,892,8788,-1544,3048,12496,-312,1956,12880
-9280,-6876,6040,-5896,-4764,13760,-1248,-6260,13380
17380,-3496,1024,16832,-10092,2040,15748,-8076,6528
32767,-12560,3060,30184,-24288,4836,19208,-14056,7516
32767,-20292,-32768,32767,-32768,-22684,2984,-32768,-12884
32767,8296,-32768,32767,-10072,-32768,32767,-12388,-12732
12312,32767,-3760,7420,23752,964,4956,15016,11568
-9084,6708,12184,-964,6584,16292,-5148,2876,17812
-4124,11408,10900,-4088,13004,9820,-2604,2724,13100
-3992,-7204,6976,-1284,-3528,11216,-5248,936,9472
-5648,-11580,2812,-7456,-12344,10056,-1620,-15736,9636
-4892,-17180,2320,-1648,-17360,5636,-444,-16200,7692
-4760,-18568,-660,-436,-19036,5124,4380,-14932,5356
-9900,-19404,1060,-1732,-18800,10144,5448,-20036,-1888
-6976,-15744,-1536,1944,-17544,6564,9976,-13124,-1608
-6384,-17728,6180,5208,-16248,9764,12020,-14120,-300
-6396,-15472,8972,6836,-12900,11980,12976,-11232,-392
-700,-13172,13348,12136,-10228,9780,14976,-9172,872
10788,-11136,11196,16232,-9076,2316,13804,-10248,-584
24444,-4160,-624,15440,-7464,-7148,10944,-11824,560
32756,-10708,-10980,22564,-17384,-9340,13588,-8988,1808
18960,-3660,-2388,16700,-8020,-1584,16448,-9816,4072
21428,-12252,3372,18608,-16020,3960,17176,-7588,9488
32767,-27720,-17284,32767,-32768,-10660,9880,-32768,7040
32767,-17212,-32768,32767,-32768,-26560,26476,-32768,-12248
32767,23804,-32768,32767,20176,-23752,15588,22808,7088
192,20528,17316,984,20956,12100,-1336,6652,11212
-13696,5040,11788,-11640,6520,11952,-5000,544,17168
-11636,4384,10444,-9240,6888,7720,-5044,196,14304
-9296,-1788,8424,-6616,-192,9212,-5436,-660,11504
-12060,-11640,-1636,-7448,-12448,7904,2452,-17440,-1432
-9760,-14864,-2996,-5016,-16892,5804,5880,-15440,-2476
-10424,-13936,-2772,-5148,-16948,6720,6452,-16648,-4744
-11000,-16424,680,-2488,-17628,8660,9124,-15452,-2736
-8340,-15280,1772,-496,-16028,7744,8676,-13736,-1072
-7388,-14328,2688,940,-14352,8252,9732,-13160,-792
-8436,-13792,8028,3680,-12836,11656,12452,-12024,-336
-5104,-11552,12768,9012,-10612,11220,14288,-10392,-116
4464,-15240,10224,12264,-12640,4480,12116,-9800,-404
7632,-16928,6204,12736,-14360,468,14568,-12344,-92
9772,-16584,7508,15112,-14664,-1964,14488,-10040,1240
8336,-23504,8924,15788,-17576,3532,13352,-8344,5728
4428,-27412,9048,12536,-22512,4864,12924,-11288,8616
4264,-32768,5984,7500,-32768,3736,5016,-21788,4588
32767,-32768,30836,32767,-32768,-13248,20868,-32768,-8036
32767,8208,9876,32767,1516,-12444,32767,4732,-1808
416,17252,12072,-40,16240,9652,-920,1988,16308
-10236,2632,9180,-6680,3352,14836,-6376,-3232,15420
-6176,7904,9144,-1288,5172,10464,-2108,-2964,13420
-4844,-3996,8244,-3916,-2240,10268,-3008,-6000,9384
-13924,-12208,6964,-12220,-11952,13884,-5504,-20300,8840
-14900,-14040,4944,-8076,-13020,15616,468,-18636,3548
-12592,-16108,-1108,-7364,-15304,10724,1732,-18584,2616
-8832,-12104,1120,-5024,-12068,7448,3624,-15548,-1560
-8308,-12636,1012,-1724,-14108,7460,7984,-15756,-2716
-9256,-17156,2988,-1248,-17068,10656,8324,-16076,-524
-7504,-15820,4020,596,-15360,8840,8780,-14104,-528
-8156,-15724,7536,2128,-14040,12808,10444,-14632,704
-736,-9988,18212,10756,-9460,11948,13020,-11436,2532
9460,-13536,11652,14160,-11308,3448,11364,-10672,-24
13004,27156,-20592,6572,1048,-24132,584,-15916,-14876
-9164,896,-13004,-11032,-9640,-5488,-7520,-17116,-3016
-5236,-60,-15140,-8464,-12492,-8900,-3144,-13240,-936
-5528,-3312,-11812,-6800,-10836,-3000,1056,-14616,1144
-6060,-10024,-1980,-3036,-14868,1876,6736,-19728,2132
-17160,-15248,4684,-8304,-13380,15008,-2104,-20356,6036
-16320,-17616,8976,344,-14176,17040,3364,-17080,160
-11960,-11088,10172,2956,-9088,15748,10344,-12100,-940
-8180,-11916,7288,4224,-8508,12308,10296,-12112,-1664
-10108,-14968,2644,1268,-14932,11428,9360,-14836,-4588
-10048,-13936,252,-948,-14824,9700,5608,-14468,-4952
-7808,-13748,2124,1516,-13224,9736,8348,-13628,-4064
-8120,-12268,-5616,-2392,-15852,7472,3636,-17028,-4560
2152,-18304,2520,3772,-18092,8832,5152,-18508,-6172
11756,-9440,10740,12348,-9436,9216,10244,-10856,-3796
15196,-3856,8532,14088,-6552,6596,13128,-9828,-996
14856,-5704,9124,15068,-5436,7864,16228,-13112,3832
28944,-11032,22724,29512,-6924,17744,23280,-5012,5220
32767,-25380,-916,30876,-24136,-10072,10584,-15944,532
32767,32767,-30136,-620,21064,-32768,1400,-15164,-608
-9016,4820,-11920,-9220,-8244,-11056,-6868,-16380,-5036
-6840,-64,-14056,-9568,-9900,-6080,-3420,-14540,-800
-3896,-3228,-11032,-5596,-11368,-4696,2068,-16620,2240
-12188,-8740,-10600,-12876,-15092,4956,-3112,-19624,116
-14148,-12796,2272,-9156,-12620,9228,1908,-16664,5624
-13940,-9956,5304,-1976,-8536,14648,4788,-14924,3268
-11696,-11392,4144,-100,-10984,13540,7740,-15544,-1864
-12340,-15680,972,-1152,-15680,12632,6072,-15880,-4352
-10848,-15980,1568,536,-15288,11268,7564,-14616,-4928
-9920,-13160,632,280,-13580,9828,6920,-14068,-5732
1040,8928,-4176,-4432,460,-7140,-1792,-5984,-8768
12228,6592,-24100,-352,-14740,-20588,14260,-26628,-11396
32767,-32768,-32768,32767,-32768,-25412,32767,6064,-28056
13516,-24300,-12380,12444,-21600,-10016,11500,-31656,-1744
6640,-16944,-8408,5816,-17252,-444,9084,-20044,3460
404,-12880,-3264,2736,-10820,2572,4120,-14996,1184
-10920,-8432,-388,-5032,-10152,10164,-1424,-16740,4996
-15296,-4448,3408,-6800,-6076,14616,872,-14992,3400
-13664,-6744,-624,-7352,-8564,11208,372,-15260,292
-10224,-7136,-832,-4484,-8564,9432,3060,-15360,-408
-13912,-8056,332,-5320,-10052,13816,4780,-16768,-1172
-17464,-15008,2456,-3800,-13968,17404,7796,-19116,-2592
-13396,-11868,3732,-1532,-11056,14332,7016,-14764,-1104
-8364,-7208,11268,5012,-4672,14052,11360,-8372,-320
1756,-12540,16048,13848,-8200,10728,15076,-10704,-2160
7196,-9660,-18992,-1196,-14108,-10832,232,-12840,-5048
1040,1864,-18920,-5580,-13772,-9688,2052,-14168,-13328
15988,-14844,-32768,212,-32768,-25504,18292,-32768,-11096
25804,-32768,-18088,21176,-32768,-18180,32767,22384,-2320
8184,-15840,-8888,5464,-16536,-7352,12052,-8364,1484
972,-5604,-3432,-620,-6200,-1824,3660,-18624,904
-5424,-10172,-6112,-4960,-9656,5152,1760,-24036,-1120
-16180,-10464,380,-6732,-10480,12696,-92,-17516,2856
-14988,-8328,-936,-8104,-11300,11824,1020,-16940,-140
-12100,-5612,-152,-6672,-8316,10304,964,-14192,-472
-10960,-6240,-2116,-7248,-8788,8204,1728,-16224,-3256
-17780,-14192,4720,-3216,-13528,18140,7420,-17956,-840
-14404,-10832,7920,324,-8960,16660,9128,-13384,-756
-9752,-9172,6224,1580,-7064,12828,8576,-10212,-104
-6588,-3144,10704,5020,-2704,12172,11104,-9428,-1244
-9656,-7172,2444,-8980,-6724,10864,-3476,-11924,10956
-8760,-8040,6636,-5948,-6304,9048,-1028,-14008,9076
-11172,-16048,2828,-5448,-15140,11720,1708,-14720,5152
-14684,-15576,1612,-4788,-17408,13612,6004,-22944,-3808
-10780,-16744,4664,1064,-17552,11328,11392,-16400,-1756
-10736,-15504,7012,2484,-14784,13500,11896,-14756,-540
32767,30636,18244,32767,24904,-1272,16836,30444,-2480
-6292,12848,372,-6824,10800,2396,-4844,3028,14120
-10172,12484,10284,-7936,12612,12160,-6124,2268,15484
-6416,1164,5944,-3636,3852,7944,-5084,1544,8240
-8332,-5080,7016,-7696,-3052,10816,-1644,-11208,11460
-11188,-7976,10356,-6172,-6232,16996,-848,-16616,10256
-12712,-24116,14368,-5460,-15740,17704,2468,-17912,7844
-11900,-13524,4140,-7016,-12020,10960,1448,-17952,2740
-8792,-14516,4548,-2212,-11884,12452,5868,-16288,-428
-6896,-16112,10560,3836,-12516,15980,10292,-16980,2760
-6844,-11784,14292,6448,-8764,17736,11348,-13652,3100
1376,-11352,17192,13112,-6100,13924,12156,-12436,4812
13188,-5480,9864,18828,-8580,5148,11080,-10244,2180
30556,-7640,-3164,23180,-11648,-5872,12816,-10664,2060
24780,-13320,5520,22212,-14192,-1664,15872,-12332,4320
14416,-14964,8580,15892,-13696,4888,8524,-12120,8272
28700,-32768,17488,32767,-30244,12564,15720,-17592,14872
32767,-32768,2948,32767,-32768,-16196,7860,-32768,-1376
32767,28292,-4896,32767,8008,-24652,32767,32767,-2216
3408,32767,16140,3048,30204,4812,-3156,6360,14788
-11264,6932,8892,-8284,9916,10620,-4948,3648,15112
-8324,11612,8324,-5092,12588,7996,-2356,2060,13500
-4992,-4808,6276,-4016,-1736,8964,5836,-1808,15040
-8912,-10820,4612,-9024,-9580,9540,-6148,-21572,6236
-11656,-12152,-2368,-7220,-13812,9036,2240,-17200,728
-10812,-12688,-2860,-8560,-13028,6828,-72,-16216,-908
-11512,-12528,-2384,-8072,-13100,8344,1028,-18008,308
-11584,-14712,-10448,-11804,-16304,3316,-4064,-18956,-1540
-10740,-20032,-9220,-11016,-20632,4756,-3844,-21168,-2140
-10052,-16664,2456,-4600,-16024,11792,3452,-20300,-72
-9232,-11264,10984,-368,-8960,14544,4168,-15352,5348
-6520,364,9764,2536,440,11716,6260,-7156,6408
872,9836,6428,3912,8428,6176,5736,-9508,11388
7188,-19256,32767,31576,-6728,18116,9348,-19344,12756
88,-32768,32767,29904,-29252,21888,20020,-1048,13984
-4388,-15068,11224,10260,-8084,12508,9732,-11144,8612
-2032,-396,15724,10324,564,12228,8944,-5452,12164
-6212,-2696,16656,11784,340,16272,9532,-7012,14624
-8312,-2572,11664,4032,-2880,13736,3532,-7204,8824
-7624,-8972,7444,1308,-7908,12600,3160,-13172,8352
-11384,-11108,3984,-1056,-11148,13324,4024,-13808,8460
-11508,-12772,2588,-4368,-12344,11584,4692,-16392,5440
-11556,-9924,508,-7624,-12380,9212,2464,-17284,2916
-14680,-8484,-708,-9032,-9936,10536,176,-15968,1032
-11180,-13256,-1396,-6680,-13552,8744,2124,-16392,468
-11268,-18064,-6800,-10284,-17852,6280,-3228,-20792,-576
-9072,-14196,6048,-1476,-12760,13140,4660,-16112,3636
-5088,-4628,11460,3232,-2376,12520,6820,-9400,5820
-2028,4156,10600,4596,4740,8540,9064,-7192,8112
7096,5232,23556,22700,4928,13324,13068,-15912,14588
10672,-32768,32767,32767,-21196,16272,15384,-10144,18524
-2988,-8132,23280,14620,-7312,13988,13364,-6096,9116
-1136,-12332,11988,8952,-4440,10028,7480,-6352,9960
-3772,-8380,15544,10844,-2996,13024,9596,-3392,10560
-4144,-20668,14048,14072,-13360,13156,16948,-12476,-6956
-88,-32728,20720,23448,-21772,14964,17304,-12148,-6404
5108,-32768,-5564,11420,-31504,736,6760,-19956,-2280
4444,420,-15716,-2752,-9876,-10868,212,-8104,-7284
-1588,-1252,-12168,-6308,-10024,-5184,2128,-11200,-9876
14384,-6288,-32768,192,-29744,-24652,13060,-28352,-12876
32767,-32768,-27388,32767,-32768,-26052,32767,2740,-10832
12932,-14792,-4952,10608,-14184,-8288,5080,-23424,32
5824,-9880,-5504,4556,-12584,772,4316,-13968,3120
4100,-16776,-9684,2572,-15264,-2144,5064,-13152,1840
-13080,-5636,-5380,-11124,-10524,9096,-556,-16328,1772
-16908,-5356,-4000,-11528,-8404,11340,-768,-17300,-184
-12924,-7440,-732,-7856,-9332,9724,1564,-15608,-2316
-11860,-4984,-5036,-8380,-7980,7940,1200,-15264,-3232
-18376,-14444,796,-7400,-15172,15728,5536,-17724,-3432
-16752,-12240,3096,-3196,-12176,17148,9756,-17172,-1864
-11660,-7472,3248,-2708,-7864,11968,6820,-12300,-1936
-5748,-4832,7400,3296,-3988,10476,12280,-10888,-1596
-2844,-20252,13120,13540,-15044,12072,15500,-11068,-5144
1448,-25892,12936,18428,-19100,8872,18376,-11468,-7732
3800,-32768,10292,21332,-26812,10860,16604,-14148,-4216
1776,-21740,-15972,748,-23388,-2064,3460,-19096,556
-536,76,-10156,-5648,-5228,-5792,-2048,-6912,-4484
764,5880,-13320,-6780,-7108,-9788,-592,-11304,-8688
19960,-5180,-32768,3384,-31016,-23476,15052,-25980,-10048
26304,-32768,-32768,28688,-32768,-20956,32767,8144,4200
5300,-17708,-372,9112,-15724,-708,10968,-15568,2968
2980,-13728,-9264,5460,-15136,-2288,6600,-13152,3896
4488,-14096,-15036,2476,-17000,-3700,4016,-16760,688
-9780,-8680,-2420,-5412,-11108,9116,-1424,-18236,-40
-3188,-10444,13688,9664,-6404,12420,9044,-9836,10000
-11128,-13984,7156,1396,-11320,15652,3732,-14052,10756
-10944,-11136,6188,104,-10440,13968,5104,-14376,8720
-12768,-10996,1392,-5012,-11776,11904,3020,-16720,7392
-10064,-11072,1836,-5272,-10660,10288,2728,-15720,4320
-13004,-10788,-944,-7852,-10344,10136,1188,-15268,4068
-11616,-11824,-2948,-8464,-12932,7844,-200,-16296,1616
-12536,-11200,-2040,-9192,-12148,9116,-88,-17000,1692
-11944,-11024,-1492,-8116,-12140,8420,876,-16476,1668
-12340,-12208,-8296,-12192,-14676,4920,-4264,-18612,588
-12012,-17936,-9496,-11760,-18908,4928,-4376,-19968,584
-9820,-20872,4852,-3948,-19180,13720,3680,-20544,1064
-6880,-9612,13956,3780,-7324,14636,5516,-13900,5976
-1968,3844,12848,5348,3104,9296,7580,-4820,7168
4812,5120,12516,9444,7020,7736,8080,-13548,12320
4848,-26724,32767,32767,-13188,18568,16760,-17200,13436
-1440,-32768,32568,29508,-32768,21464,22124,5748,11292
-3620,-8092,11200,10436,-5104,12356,9168,-10980,8568
-2580,-3884,12780,9420,-1388,10840,8732,-4300,11684
-2080,-5852,19472,13036,-1896,13548,11056,-2248,12288
-9736,-7184,12392,4472,-4368,16476,3948,-8364,11292
-10728,-5776,9852,996,-6904,15188,3376,-13260,8684
-11196,-10860,4860,-2204,-10104,12788,4612,-15188,8084
-13196,-7820,2916,-7384,-8108,12128,1012,-15196,8028
-11644,-9168,-76,-7068,-11136,9260,1092,-15496,3248
-11136,-10636,-1964,-7548,-12972,8072,1536,-16568,344
-12380,-12628,420,-8188,-12724,9368,792,-17136,1792
-11308,-12420,-2984,-8268,-13228,7556,764,-17040,1240
-11588,-13364,-7656,-11392,-15428,4884,-2888,-18040,-4
-12252,-17408,-2984,-8788,-17236,9364,-1264,-20900,1876
14844,-15284,6688,15816,-15824,1528,11940,-13732,-1020
17980,-16132,3064,17312,-16456,-2712,14352,-12920,3384
11996,-19912,5876,10980,-18264,1620,10124,-13252,5320
6452,-25152,7552,7940,-23864,5468,8272,-16324,6208
24644,-32768,6004,17000,-32768,-2560,7312,-32768,2668
32767,-32768,19648,32767,-32768,-13876,32767,-32768,2452
32767,32767,7068,31612,23316,-2508,8340,14320,10476
-6200,12008,11848,-2732,8612,15044,-5876,312,14416
-8136,3004,11948,-5620,4180,14596,-4744,-3796,14572
-6184,-564,6528,-2672,1624,11100,-3276,-9864,6932
-15620,-15096,5184,-4440,-16848,17192,768,-19608,5584
-14552,-9532,2624,-8280,-11776,11596,2472,-16540,-1044
-10444,-12644,-52,-4292,-13900,8640,5752,-14972,-2564
-8784,-15880,2316,-1204,-15748,9684,8820,-15528,-752
-9328,-15868,2752,-676,-16032,9432,8940,-14160,-1640
-8108,-15208,3852,848,-14720,9364,10272,-13288,-728
-9068,-11620,11108,4660,-11320,13964,13004,-12240,660
-3224,-11096,11820,9136,-10768,9624,12876,-10484,1112
4764,-10352,9848,10912,-10176,2412,10924,-11652,56
14252,-23820,7744,16208,-17528,-260,12372,-11340,96
12804,-20360,8480,16680,-17608,-824,15540,-10300,3072
4528,-16948,8180,10260,-14996,5200,10248,-10592,6740
3576,-20792,11280,10980,-17808,6876,10032,-10952,6980
11784,-32768,9668,16244,-32768,2300,7828,-32768,252
32767,-32768,30864,32767,-32768,-14252,32767,-32768,1480
32767,25664,15948,32767,17772,516,12724,15184,15412
-8788,2336,13124,-3448,3064,14816,-4744,-4024,15620
-9948,-1640,12400,-6356,140,14076,-3856,-5164,13316
-9956,-1644,5964,-6252,-564,8824,-3968,-7472,8380
-14756,-8532,1788,-12036,-9512,11208,-5604,-16652,7772
-14996,-16164,3064,-7736,-14200,14996,260,-22036,3152
-13884,-13940,-4148,-3568,-15872,10648,2580,-17904,3052
-12744,-13320,-2612,-6088,-15348,9916,3324,-16188,-3656
-11380,-15612,1444,-1736,-15964,10984,9912,-15152,-1404
-12268,-13692,4228,-344,-13324,13932,10528,-16068,248
25120,-3636,1904,17052,-8604,-4332,10020,-12996,-480
32408,-7816,-4620,25108,-11272,-9380,18280,-7564,-976
24224,-14824,-3456,19328,-15780,-3356,14312,-8816,3368
18052,-12636,10940,18228,-12284,7440,16892,-4596,11708
32767,-32768,9088,32767,-32768,536,10944,-28944,11636
32767,-32768,-7736,32767,-32768,-18492,26556,-32768,-14292
32767,13472,804,32767,11700,-9328,21900,22648,-3428
-7436,12652,7796,-2140,9060,12100,-6100,3840,12564
-9228,3772,14888,-6584,8568,15796,-4384,2556,15768
-7208,9412,16004,-4696,12728,11808,-6368,5792,14356
-5200,15872,2880,-6168,9548,3076,-5300,980,11372
-5688,-11876,592,-2900,-8308,8232,-2476,-7768,5896
-9940,-15496,3276,-8436,-14060,13276,2360,-18448,8672
-8532,-18732,924,-972,-19868,11824,5140,-19948,2788
-6420,-19400,3844,5200,-19188,9100,10752,-15352,48
-5804,-18044,4560,6036,-16852,10100,12316,-14536,516
-6616,-21236,6744,7988,-16924,10244,13524,-11868,464
-220,-16104,15144,15564,-11200,9872,16876,-7856,1492
13892,-3988,8528,15828,-4792,720,11388,-9012,408
32767,-4472,-5036,18884,-7696,-14024,13460,-13732,492
27716,-5116,-1040,23464,-8596,-4828,15216,-6360,-336
17356,-9892,6156,16180,-11700,5972,12756,-11500,6312
32364,-26152,3860,26012,-28944,2360,15308,-22792,7704
32767,-32768,-28864,32767,-32768,-13344,1820,-32768,-660
32767,-11792,-32768,32767,-27932,-26444,32767,-10212,15460
-7840,-15156,-1380,-316,-16008,8156,7752,-16112,-5548
-4800,-13988,1676,3144,-12520,8764,7840,-15696,-3876
12344,-6844,11292,13420,-6068,12352,13684,-12944,3192
32767,-29376,32767,32767,-21812,14876,30548,-4360,7308
32767,3008,-20504,30596,916,-29760,2880,-22164,-5116
8296,14388,-16448,-2652,-11244,-20696,304,-15476,-13012
-10120,3676,-10596,-12384,-6264,-3944,-7256,-14736,-2476
-9840,1860,-8308,-12244,-9108,-152,-3564,-13748,636
-3980,-9408,-10844,-2648,-13232,-2968,1816,-19760,1556
-8708,-10536,-11484,-8936,-14656,-984,-5508,-19548,4020
-14236,-18700,1308,-2864,-16964,18416,5288,-19112,5192
-9440,-12096,10224,5528,-11656,14276,8844,-13568,96
-8248,-13344,8592,5276,-9900,13240,11264,-13436,-704
-9780,-15636,5244,2332,-14580,12828,10200,-14148,-4824
-10120,-14388,2192,-492,-14376,10292,7024,-14316,-4436
-9720,-14112,-1536,-2072,-14088,8124,4860,-15736,-3636
-2084,-13628,3332,772,-11768,7688,4992,-15664,-3820
-2092,-10664,24352,14212,-6136,22064,17236,-13212,-32
7752,-13824,6916,8580,-11712,4780,9116,-10752,3580
12296,-8252,15280,13672,-6260,15392,8888,-15132,5872
32767,-23164,32767,32767,-16408,11152,26288,392,8292
32767,-20308,-9592,26860,-20120,-7544,-9180,-24436,-2420
15128,18840,-24292,1524,2288,-23728,1980,-16284,-10916
-10032,4168,-11268,-13400,-6324,-8916,-9372,-15420,-5500
-6952,5072,-11608,-11112,-6964,-5280,-4940,-13680,-1972
-13392,-7148,-9368,-11632,-11916,4188,-2484,-17976,1916
-7776,1092,-12364,-11676,-8312,-3376,-7648,-13420,2672
-8752,-9144,-8672,-8492,-13184,2048,-1680,-15616,3224
-8004,-15580,-3852,-1880,-16308,10560,5856,-15904,3564
-11908,-18344,5888,240,-16296,12728,8780,-14312,88
27716,32767,-24,14504,31496,-7444,-2396,11512,8424
-7448,5876,9076,-6616,9588,12176,-7408,4120,15384
-6300,4912,11252,-6532,8460,10604,-5424,3304,14388
-4580,-2368,9256,-736,-452,10652,-2976,1188,8972
-8924,-15984,9672,4992,-13364,14312,12672,-13788,1948
-6200,-14616,16236,12256,-9740,16488,17012,-10880,3992
5104,-7064,16384,16348,-5104,7648,14012,-7500,3220
24712,-8984,3836,19720,-6948,-4884,10876,-9780,-468
32767,-248,-13044,22520,-12716,-9388,10140,-14964,-2484
29392,-7992,-3708,26712,-10836,-2324,21872,-6856,1380
20812,-12532,4632,16660,-15912,3396,14196,-10568,7300
32767,-32768,-13588,32767,-32768,-6856,19128,-23156,3220
32767,-9836,-32768,32767,-32768,-32768,32767,-32768,-9044
32767,21992,-21756,32767,1956,-29772,31392,27812,5084
1972,22176,10008,1452,14976,2692,-5284,6396,11464
-2272,13284,10232,-3464,14104,8940,-6552,3972,15940
2596,-3284,9748,1856,3892,9140,-1872,3476,8744
-7180,-11020,7656,-1608,-8592,14572,-3576,-7424,14632
-9252,-13392,3840,-5660,-13860,11756,-728,-18408,7980
-8708,-22328,4224,-1484,-18328,9404,2524,-18832,5352
-9728,-17228,1024,-4324,-16648,9916,2836,-18232,888
-8256,-18732,768,-104,-17464,8836,6100,-16512,-3604
-4976,-19312,4484,4812,-18136,8272,10852,-14860,-1980
-5016,-17680,12224,9944,-12456,13572,14616,-12276,1760
1828,-11924,17544,16080,-7760,9780,15968,-9316,3356
12196,-8828,12528,15444,-6188,1924,11480,-8008,1600
23028,-1488,-6396,18256,-8100,-4396,10640,-12160,-1176
32767,-8656,-9948,26632,-14764,-10480,16948,-8328,-1836
23476,-10652,604,20160,-11632,-932,17172,-11520,4480
27748,-30348,6876,23192,-28600,5384,17964,-13312,9004



